318.8000300601285
2.6386438107657133
1.8158685641866688
1
1
1.0077917855335374
4.345086080211924
5.20867678254827
9.465235569536384
1
2.7186264910822304
1
3.2259690535137717
13.702846562536267
3.801016810892066
1
49.03983977149895
1
3.919697269732941
35.49715480476813
6.213220919381193
1
1
1.523076147609141
1
1.518722204050634
4.987154747242551
2.101700239323504
3.79540765673833
2.935779786348343
2.3039635073763645
1
1
1.0479783760115433
1.038143326446667
1.1687718696182328
26.92453189915017
1.2481191634956477
1.7252145199292228
21.935170109436015
1.2498986943581696
1
1.3234903232588118
1.2486800143861108
6.129962806214673
2.2083974104507176
2.8825591537344684
1
1.0173055038737133
1
1
1
3.0936094816964608
2.0865240142008457
1
7.468600680171051
1
1
1.0128156735108431
12.778010547539974
2.316321300075377
1.8510035152634123
1
1
1
3.5216249196683096
1
9.811039031833591
1.5648974381559226
2.537583381535772
1
2.6386438107657133
32.77545905483553
1
1.2756440318290656
1.6158161894508343
1.107007609118353
4.53868762757282
1
3.081397146390633
1.6240919505942286
1
3.7878287417776195
1.8158685641866688
1
1.3269882763118084
4.9462908284118425
9.54551435772928
1
1.254354141009179
1
318.8000300601285
318.8000300601285
318.8000300601285
3.07503616477065
1
1.3710803590416267
10.14734055357203
1
40.82998012612373
2.7427861122175035
1
1
4.406741566095523
1.965091050017409
1
4.406741566095523
7.889999143171828
2.1793366018552947
3.045402864194469
1.5777031338930034
8.440426429692272
3.713043342862189
12.887763959805927
1
1
56.46953497813101
3.43603338652256
2.23650162532023
1.1777731412462107
1.637297903382131
1.60871968051027
1
1
8.688909289457989
1
4.317210186145148
2.4109859888201046
1
750.6371877350256
2.303679011907437
372.0020017072607
1.0746803466494312
1
7.287669927063748
1
10.14734055357203
1
1
56.10522598070527
1.3710803590416267
1
2.321305425196162
1
1.6050722985416042
1
1.7996011879783056
5.943992997279823
7.980241206712761
4.74100378110258
1.1494948832696537
1.3531761567439384
1
3.2452177340476234
3.1234224267585238
1
2.303679011907437
3.3601575972600237
8.710875257250779
2.683014030685455
1
1
7.22252010299037
54.183302283651436
1
1
1
1
1.60871968051027
1
1
1
1.0827511528754066
20.085751046978654
2.509194014252502
27.866773895401725
3.9008066231909306
1.0145934508086918
1.2529734663289476
3.9008066231909306
1
1.2545616524955752
2.7180834626011428
1.6488483586059892
1
4.9555511220357396
1.158123194210473
2.85601055430092
1.2606250649133317
1
8.005785677633142
1
2.683014030685455
1.1343125556550329
1
2.0446121982184557
1
1
1
1.5167010881631144
1
2.3163724911655947
1
1.2845321356859023
1
1
3.6821995239824528
1
1
4.771329929701109
1
1
3.9933527768794974
3.647918063699326
2.117870036875696
1
24.09339479321276
1
1
1.2598343664845524
1.254354141009179
1
2.852801229396291
1.7288890262814705
1.8159549719380386
3.1989213150161824
1
2.226894286776527
2.226894286776527
1.254354141009179
1.7288890262814705
409.270471594355
5.074324168521509
1.2836981084937975
16.850236917923716
119.77138045691754
1
1.2846282488783707
2.3735315373688888
1.159478258231505
1
2.0947158076674914
1
1.378215671717858
1.29937849258103
1
1
1.0311349212227214
1
10.01225960889618
14.564954106343173
1
16.850236917923716
1
1.9962091598599887
2.3584408560809718
1.2836981084937975
1
1.60871968051027
2.3038209764301123
1
5.432350609661667
1
1
2.445784228888971
3.1124228991099443
1.5988020539993262
3.154540453414881
1.5704308500248616
51.672849308512184
1.6291733934842683
2.951875588598377
1.4556758148026776
1
1.1017584172022898
1.0144681913458535
1.0204721236256291
1
1.6678495206381088
2.672976625536389
1
2.395841232594341
1
68.02776652690271
1.2748197396506047
1.283680749784507
2.3639709150236072
5.627228559912486
1
16.28961206685841
1
3.1057039911779327
1.554239895419219
1.5355607831813791
1.5883821213032798
1
2.9929080769057554
5.807301513337438
3.215583395193118
1
1.5883821213032798
15.661302156175303
1
1
1
24.874869605793116
1.9020714326779042
1.8950488282644855
68.02776652690271
6.128327244520194
2.053010977947506
1
1.254354141009179
16.766342536386897
3.561974911396848
7.494315443779784
1
2.4954294048738217
4.190408847491188
7.018735854376631
3.3330164415859036
8.173901613718922
1.9282590386951126
1
2.104083748157173
46.515875586808015
4.707052619416084
3.0800723414323286
1
1
1.254354141009179
1
1.5883821213032798
1.5563135498398213
1.150665133888367
1
1.0124217773836397
1.1458063275148826
1.2639674349049423
1
1.5355607831813791
5.074324168521509
3.6762565447511437
1
2.317144678897145
182.97680697877416
1.554055315588905
1.5020714723316957
1
4.459655774869203
1
2.0473110757143234
1.32080857515632
1.0459450828280834
1
11.314848678778672
1
1.1438281863659263
1
1.6603686477401551
1.5002956996837897
1
1.0754662964110298
7.265291553713049
1
1
1
3.446517488567277
1
6.128327244520194
1
5.227921803993548
1
1
1
3.356502156175076
8.026186844559946
2.413939526744599
1.9338994297009013
1.4961034582532615
4.459596187974268
18.33314209069755
15.25175639202424
256.5948515049563
1.554055315588905
3.2611434049044368
1
1
1.3755686169061596
5.40280777776368
2.3046690658330506
1
1.1058475299029282
1.7780071374191182
3.0457636005314255
1.2183689359273715
1
1
4.74164535276339
3.5822347086476953
49.87883472620324
1
2.157554198484809
2.821800991992133
1.9863164225558154
1
1.69927671322015
1
1.1606531514810527
1.9128930609126806
1
1.212315265397546
1
1.5188550941477958
3.7150361450575953
18.53664955435381
1.089661045405856
1.5585469589555108
1206.9578910877706
1.5020714723316957
11.184472264972127
1.012330196727313
1
1
3.6840922427801215
1
1.5704308500248616
2.000736543921232
1
1
3.248845659576487
65.55637584976118
1.5662557522996514
1
638.8129777301099
1.5613668336051905
1
2.5909315056059476
2.1744872385228913
6.832773030510294
1
1
3.011812024948785
1
1
1
1
1
3.855838560719443
3.62269422894535
2.033994058752995
1.031876344997948
1.773689793366426
1.28880281956701
1.3869448995322697
7.891528204613946
1
1
1.3712905730075213
22.153579446673625
17.66265892510176
1.7167569646192813
1
1
49.87883472620324
49.87883472620324
1
1.877382471098823
1
1
21.120616261941034
4.661385762934688
49.87883472620324
20.085751046978654
1
1.8132576748902922
49.87883472620324
49.87883472620324
49.87883472620324
1
1.1164520785305014
1.486934313922204
49.87883472620324
49.87883472620324
1.0128156735108431
49.87883472620324
49.87883472620324
1
1.7850807998529536
49.87883472620324
2.319820914918078
1.254354141009179
22.153579446673625
1
49.87883472620324
49.87883472620324
1
75.6054786530861
2.1728997090126243
1
1
1.26628683991645
4.293487906571523
31.887179521337288
1.2528294022013413
1
9.04319371447542
1
1.60871968051027
17.66265892510176
1.5772869625004038
1.7167569646192813
49.87883472620324
1
1
1
10.76465834493794
49.87883472620324
1.254354141009179
49.87883472620324
2.7649112478758755
22.684190555192462
19.45637079924603
5.222614840555758
1.2837556229952813
1.1189181316924948
89.31269575246488
74.8047087845073
5.8075541390479986
2.7922319601760757
1
1.4131418376640785
3.19274772237824
2.1810072172816763
1.2683249337328855
2.928499445866586
1
1
14.408842930555993
1
1
2.8980220592984858
4.448741694238994
1
2.9072164599907326
1.212315265397546
10.5551519506605
3.554757153498356
5.222614840555758
1
1.5216245885280089
1
1.4290375899097083
1
1
1.2837556229952813
2.5597509599253074
1
1.0128156735108431
2.694047583399298
7.700008416844532
1
2.466009528648332
1
1
1.044146051204932
7.445419221829055
1
3.0256274100129406
1.0490163241910073
1
4.49235517459489
19.45637079924603
1
2.2095283002349806
3.174759571712177
4.00504063909975
1
1
2.1371202213341114
1
2.8382261222699277
1
2.686566735220278
3.382329019515393
1
3.017251784890835
1
1204.1242919922872
1
1
1
1
1
4.899173878603673
4.00504063909975
3.5004811348742777
1.6306189684019663
14.855622499705385
7.31411809403314
3.807301955009455
16.015874969839807
1.63616948673631
2.4954294048738217
3.476338464578986
3.530723358379023
2.4955664700607185
4.0846986560178555
1.500037852306813
5.729721297232451
5.729721297232451
1.182383228093063
1.5639508077411877
1.3390725065105973
10.904197674609307
1.2977906250494542
1.300644881714575
1
1
1
1
6.303673054991544
1
11.74738417265363
1
1.5480142577789104
4.906266139947112
11.705271792948274
4.496256210861805
1.497317340287098
1
1.254354141009179
1
1
1
1
1
1
1
1.9800929465199233
6.925671465341637
2.9929080769057554
1
7.903802100159407
1
2.177164713242083
7.354234556929644
1.1480141115580138
2.4954294048738217
1.60871968051027
1.03363657613246
1
11.287124873924695
1
1
4.433877758461457
44.55890048440304
1.0128156735108431
1
3.348411012277091
1.0128156735108431
1.0061708185305027
1.0128156735108431
1
1.887421738753176
1
3.5367219526019236
1
1
8.18708391098081
1
1
1
1
4.002942307682158
4.906266139947112
2.759200922573528
1
1.7438495401537921
1
1
1
2.7774557151320614
2.604644383768159
1
2.520111694998282
1
36.11250005291791
12.572926156569457
1.4106813662759852
1
2.4099721547859443
1
1.8547662014641242
2.8382764625261054
1
1
1
1.4348599904420876
2.0526816598327846
1
1
1.9928449632638767
1
2.128063827865946
6.128327244520194
1
1.254354141009179
1
1.0792444285261755
1
1
1
1
1
1.106176323215897
1
2.05944728679966
1
1
1
1
1
1.236258616445801
1
4.159540656902722
1
1
1
6.809752698010705
2.0863789650224263
1
1
1.4735263003648849
1
1
3.53994793403833
4.004205997749228
3.12118221756901
10329.375584392234
117.72953634221288
1
19.349324691897294
1
1
1.646353564318219
1
26.884789276618193
1.254354141009179
1
1
2.4800975843942066
1
1
1.6788725210927382
1.0128156735108431
1
1
1
1
15.179537802373572
1
2.238830839017902
1
2.488592196139135
1.657688441200543
1
1
3.1453487470154498
1
1.4314667610972847
1
2.1793366018552947
2.725448758657892
1
1.254354141009179
2.9929080769057554
1
1.9034234272751005
1.2538364241624913
1
1.067741993010088
1.6116356041305162
1
1
1
1.8214972127385929
1
1
1
16.103534636839523
1.2442419938282552
2.4364259504326045
19.735126775930816
1.7670296876615719
1
2.4304755802844396
1
1.2734683198921193
1.2488865871850894
1.4322782676403367
1
2.3929132815350997
6.41405961708982
23.99124710461333
1.974362743971621
1
1
1
1
1.0128156735108431
2.4625201013879567
1
13.35603137125145
6.9627447010786225
1
38.039584801927745
1
1
2.2730726444613785
1
1.064264984622972
13.31133197703841
1.2469830061968996
1
1
3.272933757994313
1
1.6837260032425736
1.60871968051027
1.6043877261776494
2.238483578863531
1.6075916590288553
1.6363918333523306
24.25746134151482
11.817185531680764
1
7.5472155790982125
1.5351571464829252
1.1411622674344593
1.8251562730731445
1
1.589138172167589
1
6.810257007230371
2.2761436087446456
1
1
1
1
1
1.3651272502525134
1
1.6208183540840517
12.079789297735994
6.632593704372343
1
2.208502699026313
1
1.6837260032425736
1.1574460381005953
1.6030051439450343
1.754356716411147
1
1
1.6030051439450343
1
1.254354141009179
1.3689198095657498
1.60871968051027
1
1.5355607831813791
1
6.164579133421713
3.0859111625980966
5.855360774123191
1
1
1
69.78978192522787
1.254354141009179
1.2832403301124542
1.8079461915253923
1
2.7103383491969195
1
1
8.2481214749091
1.4191328628525932
2.05479569891621
1.6837260032425736
1.60871968051027
1
1
1.6901725214901409
17.239483269575484
3.0990556801397298
20.19366089147728
38.27622323163793
1
1.4651698630635601
1.3008347747078395
2.933025362145283
1
1.4295517309554118
2.0573003589384977
2.5534277028628556
20.504368778307164
1.7224107626915415
1.0684519289376597
1
1.6837260032425736
1
1
1
1
1
2.5534277028628556
1
4.79887739729849
1.254354141009179
4.990028254245548
1.4021595415308037
1.6800292098531222
2.232816335544543
2.311401025307102
1
2.889321062094084
11.99657579898031
1
1
1.2635074346152784
1
1.7630974327226636
2.4304755802844396
2.3714460810434166
1.3506429875281345
1
1
1.6363409436160543
1.2598343664845524
1
8.372430995161448
1
1
8.343129863728583
15.661302156175303
1.8385750935599614
1
1
1
1.72380651143904
1.7991153833410602
1
1
1.254354141009179
1
1.2917752333377797
1.0489297331864806
1.2552183503629077
1
8.22608512272058
1.0413455677765402
1.254354141009179
2.021729540324171
1
1
1.7654760820190825
1.249988108658183
1
3.4586989639702987
1.3342620154619718
1.2133870498750945
1.2819037694684672
277.9458836009202
1
1.3128382216485688
1
1.2420134333018058
1
1
1
1
1
1.0729651552325155
1.189889030921686
1.196935367040192
1
1
1.8251562730731445
1
16.39150810701044
3.0360503014951696
1
1
13.235791897917629
1
2.3149674946285175
1.4765814178976693
11.835819709107557
16.103534636839523
1.0379136581096826
1
1
1.3041771410858543
1.1823811685078323
1.0434949847677495
2.552442908561312
2.5534277028628556
1.254354141009179
5.0547539145878835
2.3585588970216205
15.492430840982903
1.2937301966395391
11.564672014314981
1.7448165820155095
1.332303066033204
2.5534277028628556
1.2420134333018058
1
1.3506116113946505
1.254354141009179
16.934483027706328
13.093350603513898
15.661302156175303
1.6528380494012782
1.7438495401537921
1
1
1
19.980945410290175
2.87748833240462
3.3554832463298947
12.40392643455223
1
8.215195409903274
1.664457398532095
6.200199246743892
1
4.863915969238535
8.178033608889452
21.308148280149386
31.092095833023617
1
1.2496227071568966
4.6151030773115895
55.14377635043434
1
1.5826711784762713
2.363265543182911
1
1
1
2.6429682929192437
57.839486733087966
45.245617501688194
2.498845151794329
1
2.001094354464098
1.0900042773812708
2.843106021416498
1
1
1
1
1
1
1.758068957079255
1
2.025203317083078
1.6619638809772639
2.9457098349054864
1
1
1
1
2.269006992701319
1.4119368715692662
98.45286621924406
2.376036210597368
1.5771884280474893
1
1
41.76226457801603
1
2.3465110213480354
1
1.3832918853304654
1.0128156735108431
2.6225080563677214
2.786868968160541
1
1
1
1
1
1
1
1
4.865909689048535
1
25.148203762527853
1
1
1
8.36751903732608
1
1
14.429072132137609
1.392604920247674
1.435586560214419
1.3802650411325563
1
1.57524971099294
2.6519102899137277
1
1.2656006691916581
1
3.0724390747142807
12.521190721039552
1
1
1
1.9204536113781976
1
1.6837260032425736
28.649348211431544
7.19802145030329
15.366561979811872
9.730430364693621
1.090748679566681
1.8251562730731445
1
1
1.301969475142902
1
1.397845200475304
1
2.0441279828987247
1
3.2766209500557517
1
1
1.8251562730731445
1.1274808620527115
1.6837260032425736
8.144049625349874
3.8564048217592113
1.0245168696894638
73.67147364223227
1.271313750217867
9.723045903615457
1
2.5534277028628556
1.8687524152668344
1
1
1.254354141009179
136.90717135825676
2.3585588970216205
2.561527040040797
1.8251562730731445
1.380365760695968
1.254354141009179
1
1.3039839776054214
1.318041952597328
1.4555209465291186
1.29861792078766
2.8896484949109627
51.56240229468593
1.8585702790877576
2.4383718010529893
2.365796478856013
1
2.5534277028628556
1.0145677765634658
1
4.175227168926986
1.0012369620460078
1
1.5845125504952917
3.0413994398537083
20.051080488290893
1.611107373416217
4.09355824863768
1
1.3128382216485688
2.781328818243539
1.1411622674344593
2.153798132631956
1
1.254354141009179
2.8040346753364678
1
10.473332333661528
2.6148933064477298
1.4855870630653631
2.4954294048738217
1
10.431713490722018
1.3128382216485688
1
1
1
1.213740024930921
3.8314889493917397
1.6837260032425736
1
1.3793157673469847
3.9988724916752565
2.110747599307246
4.223053047964298
1
1
1
1
1.7316992442251125
1
3.5000219325364585
1
7.139620951946517
25.99373737361808
1.254354141009179
1
2.0937366449905013
1
1
1.9754720162927069
1
1
6.61849370317079
1.2996373295701298
1
4.085955765998028
2.125999295038155
2.321999265003575
1
1
1.6887552614773826
1.3768007810010499
1.507821003379833
3.1910149764563784
4.459556685738385
1
1.6837260032425736
1
2.1692983384912097
1.541665192210142
11.906648985424873
1.254354141009179
1
1.52162776885852
1.6837260032425736
1
1.8311019974323501
1.0033976818818604
2.3951405644134995
4.474956238536383
2.827796537838396
1
1
9.381161297841645
17.355038624112506
1
2.19232463652041
1.6409978317546743
1
1
1
1
1
5.176910923819648
1
7.02416159577343
2.1475822998791325
15.661302156175303
1
2.132002685210366
2.0392106093129057
1.8323906923853626
1.2516014690710264
1.0052025617556442
13.830523658158993
1
44.591228183366404
3.787002586364674
1
1
2.857006606600117
1
1
2.563195899191817
1.3169820976235602
1
2.248898910400473
8.619043300721632
1.168616819645454
3.584969890403692
1.1227593047927973
1.5808771529188141
1.8414193734347877
1.8550560741453885
1
1
4.369022920839845
9.082792941706733
1
1.6085383612817907
1
1.254354141009179
1.3644552175272244
5.332803205189468
4.746470821262791
1.9511202180511333
1
1.5878795970396202
8.22608512272058
1
1
1
1
1.606196418087348
1.0459330178357245
8.067591832270903
1.254354141009179
1.9114737572043932
4.800332063989243
7.292723283042691
1
1
1.1222063992168139
1
1.7729042987093797
1.0008405264695512
2.279906700443339
1
1
1
2.234062518856821
1
1
1
2.1989945193864284
1.60871968051027
1.663730403795421
10.154903708515283
1.254354141009179
1.7030855551947917
9.42815932160848
1.1749716007769135
7.284743157057566
2.7415702638630743
1
1
1.3128382216485688
1.5753952722729438
1.60871968051027
1.254354141009179
3.9705703661599863
2.239407816741545
2.937881259898584
1.5666225129537017
1
1
13.830523658158993
5.585669809947839
1.005606755324041
1.812928942386613
1.2621376177660977
2.08267335380903
1.839548929867716
1.5253033473062525
1.8610242272429702
1
1
1.5225778491984536
1.7288179243126813
2.918469703836524
1
8.111201509297587
4.682697557341457
4.69656853061768
1.3353171774943349
2.415902796763387
1
6.360447556508564
1
1.1838701668892688
5.598572734102953
1
1
1.0181135850906864
6.5402543117324505
3.4592464583403855
1
1
1.1613550635293934
1
1
1.657688441200543
2.061886575182113
1
1.2414982629609324
2.5534277028628556
1.4288695070625779
1.3437340803736348
1.704420310794165
1
1
1
3.679717348661226
1
1.3231383126643688
2.5356605584841394
5.22386533793042
2.689221536369988
1.043442590226427
1
1
1
1.917366095563542
11.240075664102054
1
1.0005634793588256
1.60871968051027
5.314405787309991
1
1
1.1286362496078879
3.292962430730794
1
16.103534636839523
1
1
1.7876933595655273
1
1.5548427141173176
7.873858575905934
1
1.248367700605882
6.583184844440212
1
1
1.6678495206381088
2.0441279828987247
1.60871968051027
1
1
1
1
1
1
18.82053761489712
1.9983919323738388
4.611439587829865
1
1.254354141009179
1
2.7365486547966253
1
1
1.2414982629609324
1
1.254354141009179
1.1585925024025405
1.254354141009179
1
1
1
2.1170005521702686
21.959290571488776
1.254354141009179
1.3510961705937212
1
2.622917487788938
1.60871968051027
1
3.2576037056562512
1.0958085992775441
1
1
1
1
1
1
1
1
1
1.3128382216485688
1
2.4954294048738217
1
5.733010249688278
1.7045767314685005
1
6.41405961708982
1
1.1700005696042721
19.96336149027759
1
5.076993997471641
1
1
1.254354141009179
5.449807119440591
1
42.02037942059914
1
1
10.638822822806462
1.5355607831813791
1
1.4555209465291186
1
1.2091162370262087
1
1.1766013958286479
1
1.6837260032425736
1
1.2983013231032914
2.6436783529844963
1
1
1
1
1
1
1
1
2.6732202341109406
10.863063128308182
1
1.6082369624987258
1
1
12.521190721039552
1
1.3128382216485688
1.8582141800810745
1.3141903081781496
1.289492064122506
1
1.1343125556550329
1
1
1
2.150549216201833
35.226058870499514
1
1
1.6603121083982555
1
1
1
2.416083951337731
1
1
1
2.8561311201740818
1
1.3506429875281345
82.06974890261596
1.0148457419457337
2.1865807703855964
1
17.743054409043207
1
1.865497485577653
2.0862000498234647
1
1.254354141009179
2.2031342967434364
1.2471039650206364
3.450098303754016
1.433230530878723
1.9932366778425479
1.9924235714970155
1.6837260032425736
6.838447199175214
31.265783256610383
2.9461989769341344
1
22.18595560514459
1.2847223545893187
1
4.38196060157593
1
1.0866580270661539
3.7717519496974
1.254354141009179
1
1
1.3128382216485688
1.4555209465291186
14.233991511717099
1.9483682223766117
1.2928630128594276
1
1
1
1
1
1.0358257088200558
1
1
1
2.0498692741003066
15.492430840982903
1
1
1.254354141009179
1.254354141009179
1.6837260032425736
2.1954374904822074
2.3910195915066645
27.55310317090143
1.988632887413538
1.3036717122522998
1
4.201751574780809
1.60871968051027
1
1
1
1.254354141009179
1
4.9462908284118425
2.4437494059892853
1
1.2102674393191213
1.9016284775237253
1.8883775168569827
1
2.63719309916933
1.1239604977452418
2.6618269643723638
1
1
1
1
1.6837260032425736
15.661302156175303
1
1
1
1.0151473676298262
1
7.59809399482411
1
2.3600611138559358
2.796427551207992
1
1
21.842269595638605
6.791419370583979
1.1877004132776317
1.3839599550869413
6.674180812845781
1.254354141009179
1
1.4855870630653631
1.182216806534933
1.1613392969773775
2.622660788202814
1.3128382216485688
1
2.2749641212661538
1
2.5534277028628556
1.300644881714575
1.60871968051027
1.3843705485259223
3.549869673863308
1.3301988149784076
1.2431376006844794
4.707052619416084
1.8533461452083397
1.3644552175272244
1.2177895568604387
1
4.259682038400022
1.794099448992404
7.846388951418937
1
1.3134848315457825
1.254354141009179
1.7474278075556926
1
10.768419595990101
5.611290486787258
1
1.9942843942270336
1.7514072571793609
1.1853620322061578
2.941630865494295
3.469682543989583
1
1
1
2.2610943952735605
1
1
3.1849294417318568
1
1
2.629418282955953
1
2.8935861870767337
1
4.222445087552818
1
4.190886541435023
1
1
1
1.254354141009179
1
1
1.6505821658565631
1.2702914700099173
1.5014948134069475
5.59009959444927
1.2184835507288205
1.254354141009179
2.4958485352600257
1.1646824307633143
1
4.7176365261106765
232.968276642633
5.6853951662263436
1
1
1.0401618389960474
1
1.3585601078767608
1
1.2690865478518238
1.1598457823665171
1.0700761700098897
1
1.3243543628533887
1
1.4683271729541605
18.886041747511168
6.303472394627941
2.1387319559131392
1.1475003087503215
1.955238211125114
1
1
1.893174084566322
1.8251562730731445
1
2.2586225809080873
4.421732391852661
1.6254350061814038
2.179863182490906
2.5534277028628556
1.258427362566909
1
1.0291443319982225
1
1
1
9.710206122849275
1.3992463540579372
4.149546477394443
1.570969129098289
3.8040466532355333
1.2876646779763716
10.964514006705802
1
1
1
1
1
1
1.3018504053552786
1
4.896519431887358
1
10.798078740581182
2.958039499993315
2.2999698026925155
89.42784328653079
56.83115460731478
1
42.61497289709331
3.0325610950201205
1
1
1.254354141009179
1
1
8.928790881064849
1.4140089901087838
1
1.60871968051027
1
1
1.254354141009179
1
2.0392809602616935
4.689487294852512
1
1
1
1
1
1
6.536036441642592
10.427216834667673
1.6837260032425736
6.857856996921037
98.45286621924406
2.0441279828987247
1
1
1
9.655002787593236
46.94185363971917
1.6837260032425736
1
1.3729055871243905
1
1.4203858956853694
15.756460667129542
3.422659833395949
1
1.1574460381005953
1
2.6572878271360216
1
1.60871968051027
1.2375095197004815
1
3.1399896028040493
1
1
40.42020406167953
1
1.254354141009179
1
1.254354141009179
1
2.36711062541759
2.650618948719199
1
24.162622638977748
1.0199807857915537
1
54.77392725036118
1.300644881714575
1.6899017117305295
2.3330116387526587
1.2096316786556967
1.0256242018540673
1
5.954443403174538
1
2.255445646189703
1.254354141009179
1.254354141009179
1
1
1.0684808082338835
2.5650034506057033
2.0683805017847217
8.766941013408246
1.5177292199951202
1
1.3105251901987436
1.254354141009179
1.5355607831813791
1.4555209465291186
2.365796478856013
1.2426520264297916
46.61336409781869
1
4.718711008958733
1
1.3128382216485688
1
1.657688441200543
2.601313322549183
35.37465153516753
1
1
39.059045712443734
1.254354141009179
1.8736080974980376
1.0489763183560437
4.019853137657573
1
2.4642875327465266
38.4032814805004
1
1.3597101227221493
1
1
1.5355607831813791
1
1
93.99986386222392
4.852014596395867
169.44179509662106
1.60871968051027
1
1.60871968051027
2.5534277028628556
9.520242538638067
1.6575220359178022
1
1
1
1.087865473583021
1
1.9197534105603147
4.1525117266538185
17.70173194056839
1
2.464741058967897
2.0466874167600597
1
1
1
1.0300616402517049
1.1401387712273394
1.9781354263681432
1
6.113651682662984
1
1.2542333922618563
1.5007287444698694
1
1
1
1.3128382216485688
14.451351129257173
1.685579389538759
1
1.646353564318219
1.254354141009179
1
1
3.2034441923043318
1.60871968051027
1.8613938199584905
1
1.8107217939801317
1.7157684232536965
10.78327643666637
1.2286917991952893
2.875853590912985
1
2.6148933064477298
1
1
2.4415944316364278
2.430060506213146
3.5771081160257276
1.254354141009179
1.1574460381005953
1
2.5534277028628556
1
1
1.5832836923575258
3.199537366061903
2.662441489242212
1
5.61633582779256
1
1
1.3342620154619718
1.5355607831813791
1.9846678055144342
1.4373421840005824
1.5525878586146906
1
1.3128382216485688
1.6167393627591713
1.2541444458483018
1.0993725758310653
1
1
1.0142541273621135
2.1205333870139285
1.3832918853304654
2.5534277028628556
1
12.370532463440313
103.30564224974846
1
1
1
1
1.254354141009179
1
1.3128382216485688
1.254354141009179
1.746676413234459
1
1.3906806615606964
4.204829914007963
1
1.60871968051027
49.72100989945135
1.2520442074911966
1
1.8205638191258904
1
1.445094779488302
1
1.4033703275730127
2.336850286226773
1.9718308218657241
3.1809263036880124
1.9842232827748116
1
1
1
1
1.5707472832565776
1.558277038978911
2.420291963667888
1.9595590131209277
4.030236984122565
2.852910038399115
1.4807138697275963
1
2.8415693015184296
1
1
1
1
1
1
1
1
1
1
15.925314801883738
1
1
1
1.254354141009179
3.566075622801748
2.9630312825668783
2.1732025629132594
2.8415693015184296
1
1
8.459439228383356
17.87369635947292
1.3108301474273472
1
3.937860000835269
1.254354141009179
1
9.535675753299746
1.011841784222337
23.85313242635472
1
3.2519950331056546
1
1
1
1.8345649303029503
5.75569363504306
1.5355607831813791
1
1
1.5295197354218248
1.70965436754723
2.7086092169123646
1
3.9436652219549337
98.51205104581881
15.661302156175303
1
1
1
2.0441279828987247
1.3893292382403422
6.187287016068875
2.172256812973237
2.4453498413297625
4.207554975619876
2.8406609881359577
117.72953634221288
1
1.1091925480993698
1.6837260032425736
1
1
1
13.743811149873318
1.3342620154619718
6.0699787853821805
1.2849434851028987
2.1753833860312506
19.349324691897294
1.2732808255314618
1
1.6291515264401195
1
2.1884570655678526
1.5866098215918765
1
1
2.838259532790153
1.7438495401537921
2.7641652286304526
1.1529092586438503
1.952366266883745
5.006119595658372
1
1
1.1163907762921248
13.048801641268597
1.5099178776781206
1
2.8106624124443518
9.89481007909979
1
8.390378045940723
1.0128156735108431
1
4.304843541548543
1
1.9056887857362586
44.33112329768581
1.7113065535720415
1.6749532168452494
1
1
1.0564797361075984
1.59289261962593
4.689487294852512
1.003432872175967
10.819774822056491
10.363537610003963
1
1
12.715874483480762
1
1
116.73922211780807
1
3.149253941268774
1
1
1.5826711784762713
3.0062109028272914
1.5655692663126293
1.1726746537339003
2.4954294048738217
12.102180505964776
1
10.73247488845186
1
1
1
14.226817693508233
1
1
1
1
3.0474327209708676
1
1
1
1
1
1.7478627395507746
1
1
4.473269584335308
1
1
1
1
3.293924685560965
1
1.9799322964775385
1.0128156735108431
10.363537610003963
1
1.1626339948664455
6.55446365663074
1.6067356202572363
3.5373468047137897
1.1006654465129946
2.293747781086936
1
3.0228975337396515
1.2188968724251439
1.4619633043942921
19.743659624083683
1.8873795987833142
4.70560416974689
9.064508474151893
1.8377569850491804
1
1.1293147959977161
2.396497825496051
1
5.129903705354942
1
1
1
963.5164864037577
1
5.050987539364071
5.323708153779597
10.771782378055239
1.7774208274339738
6.902970527505762
1.3153127939911529
1.1285853857285308
1
1
4.0253379626686305
2.9243851528887777
13.240185980045378
221.48266475769705
16.648130605899365
33.058833578293495
1
8.085446027640147
2.440260326490288
3.1593894117020382
1.442069272672625
1.4132025221413838
1.3393754226838683
1.254354141009179
2.8708291399309664
1.92155693940417
2.1229971730779087
1.6027406303085348
3.0780964052938096
1.2556278755390307
1137.5896544396717
1.6969454495197873
1
2.7011440287703192
1
6.148955758262206
1.6966872680382017
2.3254329593503487
1.2621425108232196
27.40848907679533
15.736897927132775
1
9.064508474151893
1
9.324816847714901
1.1190427522689792
2.100545952308212
4.70560416974689
2.5534277028628556
1
3.4606604430398016
1
1
1.4336017741731801
11.66358913574335
19.735126775930816
2.4909908710356885
3.2209215185176707
1.8873795987833142
1
1
1
1.254354141009179
1
93.0776299296646
1.3785468206439406
1.416502173393312
1.6067356202572363
3.563594071472467
1.254354141009179
963.5164864037577
1
1
1.1195620079888011
22.094935022617328
1.4786683122907207
1
1
1
1.0128156735108431
1
1
1.7110518137320758
1.740097776185223
1
1.254354141009179
1
1
1.2478504503887013
1.4135165294887495
1.60871968051027
1.1881873568342263
1
1
2.4405398086163745
1.7438495401537921
1.2656006691916581
1.9385216590922643
1.2968791382576015
1.0128156735108431
1.3826094645761184
2.975428347210842
1
1
1
963.5164864037577
1.475414378105559
1
1
10.18558332746292
1
1
1
1
5.457592690529722
1
2.8018068031757735
1
1
1.3520465190783595
1
1
1.9386971213814392
1.1744917901274003
1
2.58569540164463
1
2.9073524896378404
2.4854036196508287
1.611418420916798
10.7612842624102
2.0261048246676823
1.5355607831813791
3.4708450541405114
1.3691498163423952
1.60871968051027
1
2.4984307415391838
1.254354141009179
1.0678555883180338
28.274085925736085
1.2552183503629077
1.3608923116451128
9.33956923350635
1
1
1.60871968051027
1
1
2.014229345309989
1
295.3170551935527
1
2.3071397843107566
1.0174841310135216
4.345266279350347
1.4802914969278218
1.3134848315457825
4.039145272892961
1
1
4.31986339999995
1
2.0117427205650014
2.2009145614880468
4.18466368055965
2.0888602563951824
13.875087487811177
1.5940053534565533
1.0709509572148095
2.2009145614880468
1
1
2.538643637016834
2.2009145614880468
3.7203109578066815
1
9.647659668439532
1
2.3475535921356174
8.517847936023013
1.1064474442603522
1.2508620204773382
38.61611247465396
1
1.3746409127501604
1.0453801978604036
1.6334898700370077
1.1627580723558841
1
1
3.264911168024856
5.728976113852892
2.2253823341102628
3.113276493082859
1
1.254354141009179
1
1.9128297009428836
1
1
1
1
1.1920461765108796
3.8012337443079076
3.6625466744895947
24.72073370024202
114.12332187593452
12.857876021213311
1.290227097519865
1.634236340266719
1.5824828468755057
1.028744546865141
25.108270374748724
1.011033198245371
1
5.6992710232691834
2.4164019205435907
1.5355607831813791
3.7584571310303376
1.254354141009179
1
1.4261758505459874
1
1
1
1
1.6410406467963912
2.515614354965124
1
5.108288563910041
1
1.3659681506128962
1
7.842659455452408
1
6.429310365006238
7.217061913924231
5.553933105090594
2.0399200840580756
1.5355607831813791
1.8964922340944566
1.4335418233664388
5.312666857052579
1.0128156735108431
1
1.2430651751422186
1.7798597322201875
1.8191511200450068
3.778611965495246
1.5355607831813791
1.9357957121454963
6.014489982466919
33.123724425137745
1
1.3119665144780897
1.3183639711167103
1.2666379747867802
2.402776685080497
3.590946410336861
4.532100278144833
6.583092062493027
1
1
1.5355607831813791
19.530967787295822
6.078098710398765
2.797236704388253
15.372217180620948
1
1
1.0664308568113074
1.1985629528416113
1
1
1
5.494581932295946
2.9041193990312575
3.0280081940897627
5.439647294419401
1.4784313462148542
1.0721752060154803
5.978316458608602
1.1996964983483085
1.2363785907317002
1.32370022018558
1
1
1
1
7.63578562889414
3.2174261353463423
3.08862857417551
2.5534277028628556
1.254354141009179
1.4148934237971982
1.285439180905579
1.3580984404567475
1.60871968051027
1.5355607831813791
6.427043005819426
114.12332187593452
1.1323584132989735
1.5355607831813791
2.9947559696702295
6.131922674728239
3.355116155227093
1
1
1
1.5355607831813791
18.45902945048947
1
1
4.115254078413853
4.224328324978374
1
3.13651438998259
1
1
1
1
2.1018845252314495
1
1
1.3968170189881384
1.5355607831813791
1
1
21.2006993246439
10.821692303056205
1.9512370298110169
23.31423837672625
9.46762234370985
1
1.0582523303446951
1.002644902886505
1.8388483283702783
1
7.859630964294609
1
1.0128156735108431
1.3788687899568872
1.0659332573568125
1.2641569127143997
1
1.438961259697093
1.1117743062295387
3.29856723555052
3.991271006421594
1
1
1.2567429116267383
1.4455187730781924
1
1.2552183503629077
5.424053955603954
1.0609041429600563
114.12332187593452
1.5355607831813791
2.9716586889559116
2.6555719604227317
1.2763293775509692
2.5534277028628556
2.3077606363930503
11.595024148669754
1
3.9691708481946875
2.3077606363930503
1
2.336205361394726
3.2759872892940147
1.4547989825941152
1
1
9.170333955827047
1
1
2.098456058258215
1.254354141009179
4.27960746704404
3.9691708481946875
1
1.801427502920396
1.6978132969330493
2.188658698797825
1
1.7840548953738766
1
1.8769233715993794
1
11.831203566848936
1.8824592298290135
2.4954294048738217
1
1.60871968051027
1
1.5355607831813791
1.2896150453674766
1
15.690422693360496
1.38771928278453
1
1
3.457081277056839
1.6869016607304141
16.965443375619365
1
3.1423073521633955
1
1.0408907088086379
4.3670501811680085
17.91995716149365
2.5928601280780903
1.0128156735108431
1
9.204905113148733
1.8132002426481275
1
4.515811960172019
3.0245197669070825
1
22.33661518935244
1
1
1.5355607831813791
1
4.945171494314538
5.582567588142757
2.3875288416539373
3.9301993493158123
3.9124059620085836
1
1.9791254444254947
114.12332187593452
2.4421449671461373
963.5164864037577
1.254354141009179
1.7415379296975868
1
1.248727747158043
6.537408146256325
1
1.1487889239055207
1.817907606564734
1.6172125643880026
1
1
4.817646540034487
1
1.403255998291536
1
7.113295766039537
19.631769294113862
2.4954294048738217
6.277786839387812
1
8.880972321642272
2.6374467326681077
1
1
1
1
4.138999830307775
1.9323965843102653
1
1.5355607831813791
1.3316045826758542
4.665959211340183
20.789895589638434
1.0128156735108431
1
1
1
4.461914200784215
1
15.173617561305523
19.822033900982227
30.42855004287001
1
2.9544876067075756
1
8.68577142914688
1
6.356763292655382
3.722909927463376
1
18.20996276107078
1.4906775886629744
1
3.786113915547507
1.0151473676298262
1.8872786556959082
64.13306144495242
1
1.2220639901352328
11.831203566848936
1.5521692304686914
1
1.1580296720182295
1.3019349923064072
1.8754738451752795
24.26370315872877
4.068016237802659
1
1
1.709335960379901
1.1316434899213093
21.818024457779146
1
1.60871968051027
1.0782795527957256
1
1
1
3.6970032871959613
1.146865620141135
10.11045034741939
1
2.3250649836744284
1
1
6.497451022455451
1.1299637725482818
1
1
1.9122585556588954
2.87014893851501
1.1666518995751192
1.2545616524955752
1
1.7033283335973166
1.254354141009179
1
1.256321603583128
4.010228100789357
2.758164213553144
1.5502957687030638
1.988267294049748
1
1
5.818532918952712
1.4432951169869228
5.083661514221883
2.399341992708923
1
1.353094851304048
1
3.4796199650166044
1.3534795581322825
7.510410736236856
1.0452841215547903
1
1
6.9172713507956685
1.3578699491127775
1
2.3762074003102014
4.063619763879069
1
1
1
1.2407673235497676
1.2423381778171492
1
7.429651731702958
1
1
2.0515433579840616
1.2914267670103408
1
1.519211019703499
1.5355607831813791
18.65877106126051
1
1
80.9709851753475
1.95086183222543
2.21306662511224
2.422697240586282
1.5355607831813791
1.2420134333018058
1.344391617406942
1.845431809225243
2.5933259422085584
10.223312204518516
1
1
1.60871968051027
2.4146973076184133
1.254354141009179
3.655937239740605
1.2853006208370341
1
9.05714442790181
1
1.5164137411089873
3.8143679301725664
1.7899389100918972
1.4136918579151676
1
1.1687751688132892
4.117899235554849
1.3388206883096823
15.735205044374888
1
1
1.5587376830993678
6.262637229462065
1
1
1.9866288487487214
1.883824286014924
1.60871968051027
1.254354141009179
1.60871968051027
1.8919037928260936
6.323525448306325
13.97258499696906
1.4207277373113765
1
1.5338554938263653
2.843702942721101
1.2863378995210957
4.220635770939996
1.3128382216485688
1
1
1.4522268837324994
1
5.142891788608355
12.416250206232297
1
4.2513048657310515
2.253559204276246
2.074056477361713
2.286777930448414
18.31441437965516
2.7099447099933913
2.5857182711913462
2.4823927732188578
1.3386875835918886
2.734258330472432
8.077970912040536
2.3714460810434166
1
1
1.254354141009179
1
1.6208429795377368
1
1
8.68577142914688
105.3897609688532
20.48277125351516
1
1
11.831203566848936
1
14.772144513840447
1.0614022959125458
5.153113247572649
1.3137344817716359
1.3134848315457825
1.6219908928053532
1
2.8697227731591295
2.894428889873728
2.5237599065974723
1
1.2807409169856399
36.87788479295796
36.87788479295796
74.2799085801332
36.87788479295796
7.995092223497275
1
1.4630918437951534
1
2.5232304360354108
3.5592814260795236
1.60871968051027
114.12332187593452
4.2513048657310515
53.407408104436335
1
1
1.5453991400093758
1
1
7.819733906454556
1.594828694673839
6.471216084877886
2.685504906964092
2.487177661763473
1.3519995570180505
1.254354141009179
1.5454458246060128
1
1.254354141009179
2.4187726237366856
3.515294638883018
1
1
1
1
2.8814975464809143
8.282305622843328
1
2.299125026178396
1.7833420623995853
1
44.012295171740234
2.143479788972404
6.868100922497396
7.851383510165251
14.568114608906864
8.455105071242993
1.254354141009179
1
1.3608923116451128
1
1.254354141009179
2.5966440189994753
1
2.559985590354017
1
1.424464817738113
2.645529856073785
1.254354141009179
1.7568548608000676
3.0771685500417143
1.3519995570180505
1
1
3.814498594144121
1.1322115519711744
1
6.3284205317326405
2.664218089140436
1
1
2.714644636431152
2.620431462244264
1
1
4.434393272301526
1.4071566184884972
11.273702779564246
1
1
1.5677370762573632
1
1
1
1
3.194018256673693
1.5288221369655206
76.3792279178174
1.254354141009179
1.254354141009179
2.796427551207992
1.3870898986823668
1
2.5419767841312533
1.448749089366439
3.2732361627340296
1
3.121036283277151
1.254354141009179
2.383051978928678
1
1.732909167549567
1
1.8147178917837754
6.010972702333633
1
1
1
9.33956923350635
39.73680083497396
1.7937061586512184
1.2438698967819348
268.47690662886134
8.292144380517945
1
1
2.171271756471107
2.451855970320995
1
2.710479172390224
8.239799277456784
3.1886783413132176
1
30.554659094662114
1.9796288908814215
1.254354141009179
1
2.5929380142835114
1.6655405392285323
1
4.623189540143661
2.77513755732068
6.20751741462753
1
1.254354141009179
2.333636298112402
1.2552183503629077
1.747944439638587
3.991271006421594
1
1.254354141009179
2.4488551413664577
57.745898711470836
2.643823875847079
3.357947589890014
5.251049469878242
6.961108649229096
1
11.40798747396585
1
1.7080266851151125
1
2.2310011197561805
1.7118700859306832
3.3584439426380324
3.590674126685915
3.2755213621074395
1.1343125556550329
42.45001348878754
1.590525134347372
2.8902799610183902
1
1.5398471684713357
1
1
1
1
9.436804128285555
1.0854324259067352
2.6784679803478753
4.576510082603175
1
2.117863877092533
1.3252098649139188
92.55771102461827
1
2.461072570882913
3.3907262405625636
14.649300565831355
2.5585844424524264
1.0900146107996496
1.6666152447419826
3.1849294417318568
1
78.63814834920387
1.590525134347372
963.5164864037577
1.1597586529429704
1
71.3248077947719
1
1
1
1
3.4935542919249496
1
2.5260155151802977
1
1
1
1
1
1
1.60871968051027
8.632258403723085
1.500037852306813
1
1.0128156735108431
8.219707604129894
1
6.67301256969808
18.226115364338366
9.30111829810741
46.96302754693461
30.871596621218462
2.8902799610183902
2.234612751465208
1
2.5534277028628556
1.5358214463981847
1.2685881798566145
1.5853051764374773
1.3126449465063244
1.325389196877244
2.9811292701216554
5.71662318087582
1
7.374859949088865
2.7789026958643026
25.103621013751066
1
1.0534150811934684
17.146261811841683
1.7994319101552387
1.500037852306813
5.847582971793385
2.5534277028628556
4.347188515612254
1
1.60871968051027
1
1
1.3286455903778784
1
1.5318464767211706
1.6837260032425736
46.78105484051658
1.254354141009179
1
1.5677370762573632
1
2.6494183376984393
36.683217508387074
7.213066651154125
67.80471221184304
3.037942273450448
2.2104704695592323
1.500037852306813
1.5539277691393052
7.80683916867019
35.035181954820736
5.01076509242614
1
6.655696515132936
1.415105115674725
1.9471150933680506
1
2.007283440219144
1
11.32864984720241
1
1
1
2.495760596098425
1
1.254354141009179
4.966058161547551
2.4285411995130124
1
1
4.046555270921899
2.6932573293346533
1.0128156735108431
15.661302156175303
15.074882729421143
2.134621599330143
1.0748557521422901
1
1
1
1
1
10.067558139582683
4.670540783431802
1
1
5.476768484382775
8.02260267697886
1
1
963.5164864037577
1.389817178296845
12.518581776063423
1
1
4.966058161547551
1
4.966058161547551
2.337652698567903
1.3242442165602806
1
3.813664642902654
1.9865710004607018
2.36242266199408
1.2079778556976994
1.254354141009179
17.491243838930508
1
1
2.7468914485914087
1.8314763108161813
4.163465099049849
1
1.196935367040192
1.600337702621285
1.3780088539330853
67.80471221184304
1
11.941409503894544
1.7506454687196304
7.213066651154125
6.402948768417321
8.08635642548407
1.9085908790485733
1.4146387668725424
1
1
2.6212923867902513
1
2.290063131385702
1
1
1.8410095630357237
3.037942273450448
1
1.9636345447228456
1
1
4.116963845731307
1.6672024275343236
9.421743135102776
1
5.055461334501933
1
1
3.4770120868777132
1.51298890035375
1.0128156735108431
1
7.468600680171051
1
2.5845394114491356
5.055461334501933
4.2192699284448825
6.871557219969076
1.329989002068826
7.468600680171051
1
1
1
1.3527033875334913
15.661302156175303
5.24084320206283
2.942598173940154
1.9282590386951126
1
3.7332721947225695
3.665206475764112
1
1.8067069066700183
1.296517769749287
1.0128156735108431
1
1
1.2533454982473953
1
16.72916273864313
1.3292323770749972
1
33.54247370477902
1
2.6784679803478753
2.117863877092533
1
1
1
1
1
254.1619818637675
2.5557120457018248
1.254354141009179
1
7.854737351008753
6.4264509219076915
1.4837028264025078
3.700590804065474
4.532100278144833
1
1
2.604844537440485
1
1.5182235209802803
1.60871968051027
1
1.3292323770749972
8.315725638082494
1.254354141009179
40.193422334523504
1
1.8606769166304076
1
10.633536572719356
1.0780831362954517
30.188301532998395
4.097526154683401
2.147405765657545
1.269192824986328
2.4744088112136433
1
33.54247370477902
4.19793528461214
2.8080314275076748
2.0717257801645745
1.6045871135687606
1
7.15354071558414
1
1
1
1
1
1.2371950885034584
19.7601611248086
1.0128156735108431
1.758555462190725
1
1
2.658913351554423
1
1
1
1
1.630201227301651
1
1.6195518279734233
1
3.5599447574934286
1
23.16652974075816
1
11.023263232019335
1.0872540005210845
2.2390638155718894
1
1.502171192328801
1
5.348389344813966
1.6837260032425736
1
1
1
1.088732188288067
1.9472690448594145
1.855119236878907
1
1
1
1
2.8080314275076748
4.841859674740908
1.196935367040192
1.0128156735108431
1.6045871135687606
1
2.0717257801645745
3.154117585037709
2.7678835843256495
1
6.357381578195482
1
2.131534464978286
1
7.354232036289429
21.55650581911302
4.879203985539813
1
14.589465508750667
1.7033283335973166
1
4.04696860802451
1
1
2.931556040225729
1
3.325408733296309
1
2.5947002498247733
1
3.6678653782907698
4.21515710797842
2.9332375887984368
1.144324359828138
1
21.21597869519192
3.3664097568334985
7.975188951879831
1
1
1
1
2.5220979215876143
1
1.6526006840825647
1.1626500827763153
5.1713286517889365
1.60871968051027
1.2593670208796184
1
1
3.872473809268351
1.8824592298290135
1
1.7071000992712022
1
1
1
1
1.0899099984101985
7.864946652029268
2.339874883695174
9.746185471082523
1
1
190.01050051357666
18.995719201535692
1.211547292813085
4.152149379913357
9.617067697732018
1.254354141009179
1.0128156735108431
21.21597869519192
1.5665661709356662
1
1.1699988321913097
1
1
21.455114011802383
1.6100542232089388
1.040964150686727
1.254354141009179
1
1
30.060030341753542
1.4510175811800485
7.773325669242874
1
14.78788972608158
10.304606059352206
9.457781108983037
1
1
5.434704134685271
2.3038551898845077
1
1
2.3038551898845077
6.30059945519869
1
21.21597869519192
1
1.0646997183221791
1
1
1
3.1818056857504753
1.6627032361973613
1.5355607831813791
7.881542997672764
3.139945566950058
4.292498688047978
1
1
1
1.7438495401537921
2.929966266863229
7.969684688493028
7.790740996746256
20.044209261187316
1
1.7033283335973166
1
1
1
19.305186441146997
2.480624193064756
1.2259124233337169
1
1
1
1
5.3875654768642836
3.4208730978136845
1.8770942450474775
1
1
1
15.661302156175303
26.400438786819432
1
1
3.993640539331371
1.0128156735108431
1.254354141009179
3.741936731043561
1.1564263728631852
1.9940520744258459
2.379938786842271
9.746185471082523
10.263984769214455
21.21597869519192
4.885517041770217
1
1
8.396621009238705
1.0128156735108431
1
1.3018504053552786
1
1.2576304358066226
3.741936731043561
1.7435500524978713
1
1.2484896419613134
1.60871968051027
1.9701782512527826
1.1231177096612674
1
1.2518085251748263
1
1
1
1.5232312027439132
1.4657949136421489
1
1
1
3.1849294417318568
1
1
5.845947414705051
1.6030051439450343
1
2.950031984379073
1
5.2447405023192735
1.4653385664079563
2.270189311812225
1
1
15.661302156175303
1
1
6.30059945519869
1
1.0128156735108431
3.2654709551413155
1
2.16406550313259
9185.420727278275
1.0128156735108431
5.468581889486404
5.527422717924085
1.4115838190420138
1.3018504053552786
9.882062820345872
1.8429484882203757
1.6421643536387842
2.7109745574006876
2.396860809063732
1
1.254354141009179
1
29.65424828113253
1
1.254354141009179
2.9868364766697533
2.689788569311496
1.0128156735108431
1
1.1289775256667407
1.300644881714575
31.78530043666597
1
2.407730854761045
7.715213285098939
6.30059945519869
8.669017906513535
1.0128156735108431
1.7438495401537921
1.5542552823193405
1
1.254354141009179
1
1
6.185589376875863
1.3906806615606964
1
2.5308573795508305
1.8400917966430026
6.165099051701908
1
2.6416317494238175
1.0128156735108431
4.708818922039467
1.727350141650778
1
6.392200039575001
3.741936731043561
2.9197699321597064
1
1
5.820974701291934
1
2.4778567785497128
1
2.9314923667162622
1.0814767801169747
1.254354141009179
2.714728882897153
3.441358398326623
3.741936731043561
4.597285659524421
1.9428273016054243
1.60871968051027
1
1.254354141009179
1.6612488273173014
4.857722857024205
1
1.264923404161027
1.7715255927995641
1.2717176209332264
3.741936731043561
36749.84165470872
1
2.282253384325874
5.948969756911787
1.60871968051027
2.2525404343211317
2.1339500878875897
1.254354141009179
1.2786730998749123
1
2.2244725537458305
1.7572809369826485
6.30059945519869
3.0629181875830915
1.254354141009179
1.2374103818640958
1.2856433545075951
1
2.2748793858861203
2.527085742795405
7.855563663381487
2.2390288721423945
1.1373545557195195
2.830823298331189
1.0128156735108431
1.254354141009179
1.1316434899213093
1
1
2.7632322557726137
1.258427362566909
1.6067486808734843
1
1.4348052037862662
1
10.832926600159615
1.258427362566909
1.6140629860623346
1.0174346270277839
3.0077754389286695
1.254354141009179
1.0128156735108431
1.0077420329119617
2.298796409050685
1.254354141009179
1.8510035152634123
1.3328982535023906
53.300625554206555
1
4.009496121750938
1
1
2.538668872310519
1
1.3942090892504806
1.4396857404670982
2.584858558006362
1.2856433545075951
162.52546992732167
7.276953622674443
2.005654194059225
1.3439213574048607
21.834041976606212
1.2856433545075951
4.283745510014554
1.3440245468032077
1
3.8206685549336545
1.300644881714575
1.5352252455887352
3.9139719385311538
3.7167375376108067
1.300644881714575
1.0128156735108431
4.945171494314538
1.3906806615606964
1.7514072571793609
1.2025824666135017
2.8515450797922557
2.2205119561276803
4.04696860802451
2.6574887444606414
13.274244707283916
1.804290928391222
3.370792438394333
2.1622825610601293
1.6030051439450343
1
1.1511914633475744
1.78808482173866
1.254354141009179
1.93380320997951
1.0299522354284434
2.3812625613339895
1.0630729266209524
6.30059945519869
1
3.769925434439218
4.185505984208616
12.351506065223077
1
1.254354141009179
15.661302156175303
1
1
1.2448507027822047
5.6698674689730195
15.492430840982903
93.95112134020741
3.075404378287223
1
5.272225835364817
756.9470136097851
1.6448294214988533
2.1324227535163955
1
1
3.8844374043194336
1.0159084112862642
1
1.0386183081954579
1
2.390992692573034
2.2307697458883533
1
125.29346499962466
1.1921326262445
2.804012983627814
3.5722908046312525
1
1.720696428486079
1
1
14.306196840478853
1
1.300644881714575
1
1
2.774573150741251
1
1.2741141595105625
2.8318477871259367
1
1
1.2614845838731348
1
2.739704744228539
19.30309575063554
6.169170299003009
1.1932072966138083
145.76783297693794
1
3.0080942583786014
1.2821013689847995
1
3.6786173281132712
1.531943120987305
1
2.0741667684169474
1.39700263512558
4.477469900732645
33.84971241887296
1.2750438706778318
1.768799377155757
1.60871968051027
1
1
2.0032038201020237
1.254354141009179
1
1
15.661302156175303
1
3.4769670986043013
1
1.254354141009179
2.781072685005168
1
5.5266057588647906
1
1
1
1
1.826657057010762
1
1.516062528890626
11.151007733310802
1.2670682433575609
1.254354141009179
3.632372656258458
2.7922319601760757
1
1.1348641454180297
1.7465517793301404
5.507805047730408
1
3.262100200542383
1.6103753188115297
21.759254553401057
1.122529497589968
1
1
1.2653459520766364
263.93413435347463
2.372081778043747
1
1
35.53262265452318
1.202242908460688
1
1
20.456316148842802
1
1
1.254354141009179
19.30309575063554
1
1.254354141009179
1
727.8874677251819
1
1
117.90117554046495
1
1.029701545270821
1.60871968051027
1
1
5.8670385710098065
1.254354141009179
2.7870486752667714
1.1920456543297981
5.272225835364817
1.1176062044880397
1.9010239838363001
1
1.9380605631056194
2.4283603967571916
1
1
16.250337134625994
1
58.70822290950538
1
1
18.330199667944836
2.1398444266954346
1
2.1160824224376484
1
4.991859963929297
1
1.495636637669073
7.204717074659143
13.107651940080375
1.1174245256783824
4.588847648631519
1.2458664126621646
1.6030051439450343
1.080214106359502
1.965260792869763
1
1
1
1
3.92070964096161
1
1.064807914349753
1.60871968051027
1
1
5.0650383780748145
4.869882759323302
1
1
4.253983414267844
2.0546734190088443
2.3739274949116247
1
1
1.2147046065860652
3.466489781463942
2.3187386324721895
1.939665400173298
1.0008745714858942
329.3654510144004
410.8419821346561
1
3.653306537048102
2.310411888474026
1
1.254354141009179
1
1
1
2.7020426764282117
1
7.730139934153386
2.1866529407539548
1
27.85322397628141
3.5166086808132895
1.0128156735108431
1
7.623987830295275
2.2314729578651233
1
1
7.234689820013191
1
9.502387044070773
1
2.7710018257096927
3.075404378287223
28.7342337651171
1
5.208454905985487
1.9517262948424658
1
1.709453161929149
1.1373545557195195
2.7186722297942416
1.300644881714575
1
1
1
1.1552478421988517
1.300644881714575
1.9887319487716595
1.6236331610909716
1
1
5.006573406107856
1
3.988632915494399
28.944028700550774
1.6236331610909716
2.906633950548387
1.019791301348429
1
2.169405212388407
7.890564319902434
1
5.847582971793385
1
1
1.519481275555186
2.4781731280673767
1.058272689646396
1.300644881714575
1
1.6392493651873847
4.113070101250791
1.846381279336184
1
2.494867862907866
1
1.9595667942736348
43.229582019970195
1.60871968051027
1
4.066045380103151
1.702681083853537
1.254354141009179
1
1
1.3724958602905566
1
1.8578535495952266
1.3232311682148172
1.9359367081136283
1.0626256347460328
1.0240618865000917
2.5329439459270717
6.5951489081287376
1
13.499712483855422
1
4.29770391244229
8.819303883944873
1
6.037517190125374
1.735374575167179
32.249041910285285
1
3.8119389112360014
4.09765782815135
1
2.252457267405623
3.949146595379139
24.96971507631609
1
1
1
3.3404166378247324
2.9449155951908823
37.61152133432969
16.632661762507254
1
1.0155279088475289
1
2.1032579342631017
1
1.0654011091532947
1
1.254354141009179
2.3147872356624464
2.4216240237493305
1
1
1.0447242146385112
1
1.0363670671517298
9.410734418118011
1
1.330249702301509
3.8044259833196157
1.5117697943116128
1.8510035152634123
1
1
2.0043566348764275
1.0128156735108431
1.3520839088589307
1
21.21597869519192
1
1
15.492430840982903
21.21597869519192
2.6932573293346533
3.192381098651953
1
1.254354141009179
17.96260188372573
1.4607745961623002
1.5781046824642155
12.756758076657475
3.205927070436644
1.028918056215266
1
5.610683497534207
1.8747934297923399
1
1.6656315767028018
1
1
2.4186289227591313
1
1
2.208715021450684
1
1.666859641007057
3.2034715092184065
1.5194426391552942
2.7287077806644495
1
4.780159709065156
5.144854726240678
2.768230649726277
30.484418162744973
1.254354141009179
1.3226113625028106
2.231378451441798
3.960466000952203
1.8695550325173498
2.177164713242083
1.608133159091899
4.929353663340832
4.789324751366121
5.31702668181355
1.6218559548368738
2.4470193564506055
1.0128156735108431
1.901472757133373
3.672236059001651
1
1
2.213549783806846
1
1
1
1.3226113625028106
1
1.4142236677535998
3.7963588005607747
1
1.2112939006024366
1
2.1209455947475635
1
1.522915900928705
1
1.254354141009179
2.211123500367412
38.97641600091864
1.8833440988341208
1.0333119509400432
1.7332366467421334
30.418412461166064
1.0809702053764696
2.078142740109268
2.0990526502030504
5.3021510556550435
1
9.259022394657537
1
18.82053761489712
1
9267.620199088413
1
1.4958688166742773
60.925902115380055
5.3021510556550435
1.8578535495952266
1
1
1
1.7801457086249979
1.199092503494738
4.089978129568639
1
8.689323459523957
5.3875654768642836
1.5201407224045418
1.2919058478782435
6.342223815677555
1
7.690330079360287
1.1808246236779512
85.57961946819559
2.1114372592593047
2.2153222065587004
20.051723119994154
2.182018052773483
1
20.134438298007304
1.1539124757423735
73.32749665288577
1.795966322568272
5.272225835364817
7.4304883529110475
1.254354141009179
1.342494765449574
1
1.4402730298852722
1.6067356202572363
1.7161015232524897
1
1.5665102234747244
2.0779974482219417
2.1114372592593047
1
1
1.254354141009179
1.254354141009179
1.1444961155794393
1
1
1
1
1.101902090620278
1
1.3724958602905566
2.1971855623334404
1
3.9286905142094657
1.3036717122522998
1
1.1892595065229832
1.0831927760164117
1.4638792312606688
1.5619122564312686
15.661302156175303
35.72015948746519
1
4.506328858683405
1
1
2.924713825720211
3.6079516877267985
1
3.485896894053006
2.1114372592593047
1.46790955049865
1
1.2986881720845806
1.5406186998345668
1.2856433545075951
1.1075988457807373
2.00116065017517
1
1.2656006691916581
36.54055987435918
18.3951497732397
1
1
2.833803522378265
1.8225201119572583
14.253088300696676
1
1
1
1
18.3951497732397
1
1.60871968051027
1.155260609867014
7.222505927888653
1.571297647654521
1
1
1
1
2.5393766688310864
1.3626135760470786
1
1.8050658697404667
1
3.1378047504075903
5.4661988728227735
1
3.3221749272931116
5.017689580796186
1.5164137411089873
2.8980220592984858
2.0547425419816467
4.15881836940415
1
3.9637492950720903
15.661302156175303
1
3.859244154067181
1.1259981395905878
1.6538903873416315
2.566857099632301
1
1
1.9896234344782482
1
3.7027908496922532
3.9998215822237304
2.009650755471897
1
1
1
3.2658368639634276
5.605092103533308
1.254354141009179
1
1
1
1
1.2937668828431357
4.405639153791943
5.0270803056329525
1.2760428703065358
7.513581317745618
1.0128156735108431
2.5001798651789664
1.2709343432165698
1.4122601218471489
1.1378663959010256
11.913973541261766
1
15.675056253704845
4.593828407126684
6.368625507713807
1
1.1807647015634781
1.953525495878222
2.2756622466116476
1
1
1
13.547450963716503
1.1823811685078323
1.7033283335973166
9.83799228272808
1.7307698021015836
1.254354141009179
21.890528565422795
1.3659695336601805
8.404302232711917
1.1325829916353756
2.7461776641485214
1
19.490895795651333
1.0128156735108431
1
3.1810002855881647
87.2125431843872
87.2125431843872
1.6583098482484495
2.4784455402156955
1
1.5020707804656706
4.1653102268126085
1
135.75977497623697
1.6309361662544322
7.8951224066895715
1
4.3941188266482705
1
1
2.0841941866448326
1
3.1431916073130126
1.8510035152634123
9.314051237310183
1.4239675783988943
1
1
1
1
1.2532032505774697
1.254354141009179
1
6.856216586656337
12.535627234998092
1
3.6784450292956477
1
11.710710921077712
1
90.09146100021047
2.8701216432925856
1.6587275728361508
1.3644552175272244
1
700.6001359415408
1
1
1
1
1.0211634393979563
1
602.7459432433661
1.4977512208680208
4.375740093090791
1
1.346760587509903
1.5818806636076468
1.0426194961327113
44.79684790110013
402.1655330423838
1
1.749006323934328
1
1.258427362566909
4.894633966120687
1.2758317083786694
15.67517122403633
1.1931616098213433
1.1973779325190248
3.217426634211807
4.918958062688092
1.3089155533649501
1
1
3.2960288163215785
1.9820845538073362
1
10.48722982734572
6.318825240763491
1
1
3.739613021568847
1
2.406841947058891
1
1
108.46385342983062
2.406841947058891
1
2.5534277028628556
1
1.592400814918412
1.7033283335973166
1.254354141009179
9.83799228272808
20.085751046978654
1.5126292945409292
1
1.2528173092128865
1.500037852306813
1.7987083562561073
2.148207184020767
1
1.0391016603123735
1.3039839776054214
1.0413455677765402
2.5534277028628556
5.360602105484605
1.254354141009179
1.0128156735108431
1
1
1
1.3906806615606964
1.254354141009179
1.254354141009179
1.60871968051027
1
1
5.759434658394679
3.08679493416123
1
2.289504555908455
1.0128156735108431
1.7307698021015836
1.6485865042531664
1.7537764095055441
1.10153764847688
1.009457266352554
1.254354141009179
1.60871968051027
3.940298580346368
1
8.417046915275087
1
1.2036860208366886
2.171271756471107
1
1
1
1
36.94394137175032
1.1922759280796646
1
1
1
1
1
1
1
1
1.152248005855036
5.248671171705653
1.8001827934142574
1
22.94693243144701
9.840783586836121
3.56298512930893
1
2.457504593796177
1.665223608997994
5.224957746397825
2.4954294048738217
1
1
1.3147174758218616
2.499204089558229
1
1
2.093392690840871
1
1
1
1.254354141009179
1
1.8196207085231955
2.9760246674275215
2.9859647121640256
1
1.7806637178123954
2.7967562323800594
2.9158585776043076
14.522225986412517
1095.9800534579947
7.773170079194977
1.9494126441177682
1.2169143243039904
1
1.4463708829786688
3.6784450292956477
1
1.4991241988165578
6.497752720874639
1
1.4157772120616303
1
1
1
1.6195294098888187
1
1.5355607831813791
10.202499535589505
1
5.394637710071451
1
1.3548971326056456
1.254354141009179
1.254354141009179
1.0616271162823459
3.2634705033015874
1.2460923696511463
1.7438495401537921
1
43.348278973806025
1.5348940741384587
1
1
58.85832956529734
1
14.673873967977892
1
1
1.254354141009179
1
1.5408966697801236
8.341572610323107
3.309858594944727
1
58.03395015636432
1
114.5232462123468
12.981153441188482
150.188024850198
1.06925768811325
35.09868173757596
2.4429835235012947
1.4876215126303538
1
2.3910963222591755
1
1
1
1
1
15.025551226257965
1
12.0902695083032
1
3.5804929655173963
2.229649651933371
1.9058596424770593
1.8642057866951742
2.7777471295238527
1
1.994350910968159
1
1
1.9118699292951489
1.60871968051027
1
1
3.2476148454755895
2.8672943862557783
1
1
4.298829572664378
1.4176278903922013
1
1
1.6603940119776797
1.4545716470546655
10.920429856197693
1
1
1
2.3791973571476652
2.8365113383504674
1.184318106028117
2.098097274783008
1
1
1
4.658883605376704
1
20.07881074286004
1
1
8.312430308325402
1
4.4432482881617865
20.23502212598058
4.007454041623735
1
3.896253078338675
1
3.1457876329494754
1
1
12.079789297735994
1
4.861780390340325
2.8421980364070287
1.254354141009179
1
6.630349240849807
14.67478739725315
1
1
3.0136141918079415
1
1
2.11533217262246
5.051362610365401
4.591680006193363
1
1
1
1.254354141009179
5.241881333779221
1.0128156735108431
1.6910929763462605
1
1
2.955329045841718
1
6.108816622963725
1
1
1
1.2256796821371214
1
1
1.877789971962456
1
3.6253351208804454
1
1.1566443942952103
8.63789218966517
1
1
1
1
1.254354141009179
1
1
1
1
1.1289088018830236
3.366343952148419
1.254354141009179
1.254354141009179
2.504765474127139
1
1
1
3.4715040314550474
1.3363692630678026
8.999544576022155
1.5355607831813791
1.254354141009179
1
1.2626294080917393
4.656279432645756
3.2064648065991546
1
3.658496510656274
1
1.4557404007149652
1
1
1
4.8198206247561375
3.902134453009075
1
1
1.1147776634110915
1
1.4676884118266713
2.3470227921765163
1.3183683131257518
1
2.4169724322075266
1
1
3.606899090905159
1
16.44561342249624
4.250772420861663
1.1317837221163725
1
1
1
1
3.398538929627378
1.3455189994781491
1
59.90057451058188
1.387838262453914
1.7492871068083855
1.5806590202691404
1.1903118668097004
2.197126074050328
1.8739946838836903
1
1.1373545557195195
1.780830140729483
23.36333711791792
2.297904218559865
2.116110753746814
1
1
1
1
1
1
1
17.821779772865277
1.5907287019884333
1
1
1.3321181320678073
1
1
3.042580114612624
1
135.75977497623697
1
20.195362930739606
1
5.48378505078645
1
1.5973294633272268
1.222468343680518
1
1.109537140273241
1
17.730341397152
1.7768533391899968
1
1
4.113368603620831
1
2.315785967391698
5.868451402010925
1
1.5339387987207085
5.983694185665025
1.254354141009179
1
1
1
1.7897897513097043
1
1
1.057581340274667
1
1
1.1513409689462626
1
1
1
2.604644383768159
4.062703085415293
1.4176278903922013
1.254354141009179
1
1.045025431800838
1.4165523916100669
184.10691106449397
3.597157488483042
1.7995942412242139
21.967691422572543
1
1
1
2.055138822190715
1
1.4698294177212792
1
2.689526977373722
1
1
2.023459731653405
1
1
1
1
1
1
4.097910444798611
11.271938612589882
1
1.9473082030058677
51.60654748033183
1
1
1
1
7.30807613761426
1.0128156735108431
8.84026175569567
1.1683383907453624
1
1.861652604593758
9.869921986764336
1
1
2.327201050299167
1
1
1
1
1
1
1
1
2.8421980364070287
1
2.9622444556142726
1
1.5772515698460814
2.372302052604499
5.334110903477844
18.268744741771933
1
48.035878916541584
941.0779685525015
78.40991004911737
1.6890972277868863
1
1
1
1
1.3802475753727603
1
1
2.1297640169452117
1
2.8618827382799057
1
1
8.160662890352253
1.2407673235497676
1
1.5109783963097743
1
3.309446585820425
29.628352856427362
1
6.342223815677555
1.726039000597292
1
1
1
1
1
1
3.4659214632968744
1
1
1
1
1.254354141009179
1
1
1
1.60871968051027
1.5027473221225323
2.177164713242083
21.340673778534498
1
15.661302156175303
4.695303417328423
2.66062302938206
1
1.5052297891521742
3.797838689724602
1
2.5269306737405763
1.9909393905402462
1
1
1
1
1
1.2519585257190469
1
1
1.0577555727122498
1.3308414606627947
1
1
1
16.957326395040553
1
1
2.406537387810341
1
1.0128156735108431
15.661302156175303
1
1
1.0114474185080649
5.303024905638009
2.1536449139228235
9.801244359276657
2.6195609160540605
5.186120981841233
1
3.177098703045329
1.0383414374550155
1
24.71156914012067
1.9450933066518457
1.254354141009179
1
2.457922238698975
4.134862832759605
1
1
1
4.106319141189826
1
1
15.559398434032248
1.254354141009179
3.131433686667919
1
1.60871968051027
1
1
1
1
1
1
1.2780125735702266
1.249988108658183
1
1.780830140729483
1.3994641986819158
1
1
1.0715892040626098
1
1
1
2.4885643281100083
2.618260156760558
1
5.245436937955328
4.6425427049792285
1
6.584213129554877
1
3.805339891372484
1
2.618260156760558
1
1
1
2.527477429285805
1
1
1
4.526198834878043
1
1
1
1
3.3705456691712343
2.3382097472513577
1
1.6176058420068595
16.399157644176817
1.227467050924644
1
1
2.327201050299167
1.0534440594548136
1.6546957777200606
1
80.22009366923587
1.780830140729483
1.780830140729483
1
2.004713183842475
1
77.14985548803813
2.132371904652548
3.029721582817905
1
15.976418754183703
1.0857919840639223
1
1
1.5710692447017076
1
1
1
1
2.7753603588882414
2.648890265499344
1
2.22933187702736
1
4.097910444798611
11.578649873243657
1.1218093892245906
1
1
15.760586765265645
3.543344538353912
7.573331467474989
1
1
1
1.744424632504686
1.138914859698351
2.647343599858764
4.097910444798611
5.077400513000699
2.5534277028628556
1.780830140729483
1
33.95558449942677
1
2.699742432075953
1
81.08019594160352
4.464857752249818
12.497829793283845
2.5534277028628556
2.1592399811642378
1.9724312943900335
1
30.9679729712711
1
4.30346571936207
1
1
1
1
3.6634921662325977
21.986556358097037
1.290444808592313
1
2.7079871509963866
1.1614296655122214
6.085091633067062
14.117174189971761
21.21597869519192
1.1922759280796646
1.6326584257011336
1
1
1
15.661302156175303
1.2544262091949898
1
2.0019932365765594
2.27113783171965
1.1339225364247363
1
1
2.405814167134285
1
1
5.80022113354029
8.355402946423135
1.3036717122522998
12.233033967116812
16.8010333831468
1.1694354993850373
2.7594016631828766
1.7699334317687674
2.1550751697285966
1.0422959180719134
2.4811511362322216
1
1
42.079831223901465
1.254354141009179
7.468600680171051
6.66027457042779
1
1.0128156735108431
1.236097336856657
1
4.939589083518002
1
2.829026155381874
8.683105464411293
21.21597869519192
1
1.734081578859564
1
1
3.469238293959298
1
1
1
1.254354141009179
2.428430513143359
6.767072272364862
1
6.367173547780739
1
1
1
1.5177775922671604
1
1.836937970242855
1.3906806615606964
363.256663835784
22.72667583770895
4.69006712131732
2.800485902894481
1
1
1
1
1
2.4256548089031464
1.1553833825493625
1.257337856730573
1
2.0445171487982425
2.3328487596986047
1.780830140729483
1.2651096408014793
1.080577407190061
3.2991958332903706
2.9768566123787648
2.1581173654973886
1
1
2.5174771662375175
1
1.1919392627473304
1
3.2496161324779043
3.1597412106023635
1
1
1.5269590585244912
1
1
1
81.18781526349129
1
1
1.1609164759327495
1.3459803855364927
1
6.809620982477172
1
1
2.5401234741611036
1
1
1
9.752254151344626
2.2987834980805983
1.5302671115041164
1
2.1194122326093514
1
1.2593798945524468
5.58609938123122
4.48281521146496
1
2.230195659030716
1.5007650317561263
1
1
1.4286309011735385
8.806313004644084
2.5534277028628556
3.818355628371451
15.492430840982903
1.1980193639416585
1
3.369502222532388
4.002942307682158
5.836618995733111
1
7.754785100144238
1
1
1.4975066902839422
1
4.8198206247561375
1
4.520564214586419
1
1
1
1
1
1.8606414871964843
1.6845092014963863
1.780830140729483
1
1
12.12481886108805
1
816.4675874437121
1
3.3702419977075455
1
1
1.254354141009179
7.401237860877084
3.6537120218596564
1.780830140729483
2.398007054456825
2.0275091434368733
3.201112364118376
8.611019295171433
1.5355607831813791
2.3639248945340743
1
1
1.345155166885146
2.9879880662704617
1
64.72008189762754
1
1
1.1364791434986146
1
1
1
1
1.132888394074644
3.4964628270715292
1.0128156735108431
1
1
1.3518192219087077
1.2341241389703876
11.982756834058367
1.1580296720182295
1.1823811685078323
1
1.5128373960603343
1.9697676206018806
1.254354141009179
1
1
1
1.2688617840511434
10.776291061896064
1.5103531113441797
1.3506116113946505
1
1
1.0328712262614783
1
2.291568663503232
1.86898458673598
1
1.1278446384174372
1
1
1
2.6895791535358264
1
1
1
1
1.385451655114958
3.58394602127114
1
4.639205737722548
3.072337524647137
3.6030055239182563
1
1.4513364112552125
1
6.277616216210959
1
1
1.7231081284294953
1
1.2271751176337165
1.5391412875931554
1.5307242483870416
1.7335840729632064
1
1
1
1
1.6569319244226297
4.938903043312293
1
1.7018715236349762
4.574797756876147
1
1.6155746492258547
9.024971943608831
1.4963835766536697
2.7014167938912643
1.1442252680772151
1
1
13.832769951561243
1
1
1.46790955049865
2.177164713242083
1.5202193545770832
1
1
1
1.238434703885185
8.971310725393343
4.6063278914961465
1.254354141009179
1.4497962071538384
1
2.5259228473582707
1.60871968051027
1.2239820438368696
1
2.531292919957435
1
1
1
1
3.6408579293666814
2.020895161909167
2.5773702031572245
1.2813525455130128
1
3.156403964607517
1
1
2.732599296820045
2.8390958781669746
8.08250002426423
1
1
1
1
1
5.1623490274636
7.802761620721563
1.5355607831813791
1
1.1232591781229013
1.0185906175396642
1.394973985740641
1
4.814807469331172
1
14.485387498484275
1
1.0128156735108431
1
2.301890427241022
1
14.828949274441891
1.0128156735108431
1
1.48163491363649
1.7130637889693026
1.7375747333637177
1
1
1
1
1
1.254354141009179
1.9441916243802082
1.5129935398750856
1.9260671235984523
1
1
1.4219131033328944
1.400216416571664
5.865789006731885
2.251114157976146
1
1.9130065709603732
3.0980073005597886
1
1.6485865042531664
15.197528146197138
2.903443575945834
9.160003198340158
1
1
2.3335802177666722
1.6672290997210524
1.254354141009179
1.6778491133583415
1
14.063042102963752
1.5164137411089873
3.355477647343883
11.631981885328168
1.5732920930665943
1.9101493184451606
1.0743265754869795
1
1.192310242137065
1
1
1
1.0458892857417832
1
1
1.1028167033498277
3.2055342810566607
1
141.55944097383338
1
3.966407790705783
1
1
1.712527833891335
16.855167257067762
1.3260924985504017
16.855167257067762
19.258241813354644
1
1
96.41084908550884
1
1
1
11.740388054928257
1.0679289332595139
3.3932770187360157
1
2.09996189659573
1
1.3669911643743866
3.0113304050650354
3.175922687789317
2.1277638049896237
1
1
5.465127556036944
2.61964590287579
1
12.77745544978282
1.1713818699107008
1
1.2882564832763248
1
1.0128156735108431
1.5355607831813791
1.3849143974876994
1.0440617773562622
1
1
1.111721088077532
1.254354141009179
1
1
4.077889245573204
7.34667341101025
1.0286644552678916
1.917937408717334
2.8932917059115715
1.9101493184451606
19.42392981251169
7.791618330172509
3.822059688324278
3.9957251868801267
1
1.6705347136454893
1.8498306543065903
1
4.181509637783157
5.9799970483930265
2.7777618134503523
1
1
1
1
1
1
1
1.5732920930665943
1
1
1
2.5275220431371523
98.23530467796876
1
2.9999475894818586
1.0122751870017421
567.7898756761061
2.570004634345747
1
1
4.970659175024581
4.001292083060012
1
2.4954294048738217
1.624763667640437
1
2.0237307025531006
1.7130492326098856
1.6842203655380388
1.3047229847010968
1
6.313195792724671
6.7391618472634605
1.2596368316565756
1
1
1.724987930713725
1.8926308844532003
1
1
1.1700246785287862
1
9.445144206282409
1.6877339032373841
1.5657782538104508
1
4.938903043312293
1
1
1.1676325976203619
1.6015911344716016
2.6012140580466965
1.6984484077460653
1
1.6078601164497475
1.7020511296574192
1
1
1
1.254354141009179
1
177.9242610938614
6.297834026359056
1.4935340013942642
1
1.1403398387719332
1.0743265754869795
1
7.4542198450195745
1
1
7.488031596646949
1.254354141009179
6.128327244520194
2.861862257952145
6.128327244520194
25.919651436456387
18.02421849510152
6.657490198411782
1
1
1.5329177252371726
2.391369201028643
1.591219407533378
1.06468917808253
1.1315632909331501
1
1.1021009213031128
1
1
1
2.1292755650835007
1
2.341917797893879
2.635791278639105
5.161669357098354
1
1.60871968051027
3.290710623005381
1.254354141009179
1
8.758298846246813
1
1.213969450778731
4.0819584376300675
3.199537366061903
1
1
16.00882540061376
1
1.5563547277959824
1.2953256227262309
1
1
1
1.0785846188319912
1.488834528860669
1
1
10.786386338207446
1
5.624755667147025
1.418305919127562
1
3.1294899649367465
3.3869569966760875
1
9.248820905194089
1.399229609526961
1
1.2942855015607175
1.646353564318219
1
1
2.6219260903390387
2.5374042183724934
2.4542828721255106
1
1
1.1717251608415438
1
9.671177713224072
1.8160427997007251
1.254354141009179
2.6258541859821993
1
1.254354141009179
1
1
1
2.529882896994952
1
1
1
1
1
1
1
9.57769451995479
1
1.3147299525862541
1
1
1
2.504317236224798
9.57769451995479
1
1.59289261962593
1
2.043450582945491
1
1
1
2.5228540613963255
4.5579909611783656
1.2656006691916581
2.589107986745617
1.7205203241612685
1
1
2.20460732139468
2.177164713242083
11.421251972177973
9.57769451995479
3.9272427952133935
1
98.37280079101477
1.254354141009179
1
2.999483123606239
9.57769451995479
4.1228004751221246
1
1
4.820832270996952
1
1.052000275037936
5.044180145552111
1
1
7.231009389115477
9.57769451995479
1.2556037237679691
2.787966550825969
1.1279937728983016
1.60871968051027
5.47786266425429
3.1457773338127493
1.2260747710142643
1.4750177946360166
5.693038756631927
1.9386740908515896
1
1.7115589718703932
1.457391354260234
1
1.0128156735108431
1
1.5880009431788922
1
1
1.9346209981776217
9.57769451995479
1.1953191194491695
6.347134285163394
4.901206654627629
1
1
2.4671873512516016
1
4.08497504865252
1.0829621415922484
1
1
3.199537366061903
1.159064804898265
1
1.2981403164275054
2.9519440302075064
2.446194244018175
1.5656982829138546
1.2234638288308175
1
1
1.254354141009179
5.394740011084832
1
1.1479334119380242
1.198891973872202
1
5.813906053090525
6.810727446721161
1
1.6030051439450343
3.303394521362796
1
1
1
1
2.2906067375787513
1
2.4671873512516016
1
1.661924941492055
5.114454636381508
1
1.0202516765744583
9.282973234316758
7.077107347274724
1.6312364395058487
1
2.1612422361791324
1
1
7.114806741190503
1
27.691670373661005
1
1
7.114806741190503
1.5048280810028247
3.490893772825591
1.59289261962593
1
1
1.0972162391348603
1.7438495401537921
1
2.8188628360849393
1
1
1.3039839776054214
8.08488338384509
1
318.8000300601285
35.49715480476813
1.8158685641866688
1
1
1.0077917855335374
4.345086080211924
5.20867678254827
9.465235569536384
1
2.7186264910822304
1
3.2259690535137717
13.702846562536267
3.801016810892066
1
49.03983977149895
1
3.919697269732941
35.49715480476813
6.213220919381193
1
1
1.523076147609141
1
1.518722204050634
4.987154747242551
2.101700239323504
3.79540765673833
2.935779786348343
2.3039635073763645
1
1
1.0479783760115433
6.129962806214673
2.2083974104507176
2.8825591537344684
1
1.0173055038737133
1
1
1
3.0936094816964608
2.0865240142008457
1
7.468600680171051
1
1
1.0128156735108431
12.778010547539974
2.316321300075377
1.8510035152634123
1
1
1
3.5216249196683096
1
9.811039031833591
1.5648974381559226
2.537583381535772
1
2.6386438107657133
32.77545905483553
1
1.2756440318290656
1.6158161894508343
1.107007609118353
4.53868762757282
1
3.081397146390633
1.6240919505942286
1
3.7878287417776195
1.8158685641866688
326.96826412358377
2.1435852642340185
1
1.7438495401537921
1
2.2420186083908935
1
17.699122477071636
1.993736435441056
1
1
3.3355357008752957
1
1
1
1.3295241109164235
5.148568907869965
1
1
1
18.975571998438312
1
1
1.254354141009179
1
1
1.2280915096215224
1.2628252541031246
25.193307310096802
1.7438495401537921
1
1.011427190267652
1
1
1.1776469165801136
5.44353505918615
1
1.7438495401537921
17.699122477071636
4.595428588847233
1
1
1
1.4358656490754473
1
1
1.915079367828205
1
4.820915631951708
1
4.37534513743304
1
1
1
2.604644383768159
1
1
1
1
1
5.578829804847825
1
1.4284977071517333
57.89986790373793
1
6.534106418109345
1
2.0203333955711615
1
1
1
1
1.0388364746418253
1
1
4.733209271135746
56.26146673255274
1
1
17.699122477071636
3.6153831747104084
1.7335728692565682
3.6153831747104084
1
2.26766669158494
1.0461831367279275
1
1.4529706278871506
1
1
2.2942403635562774
1
1
1
1.0602706204818588
1
1
1
1.310635235074928
1
1.0822838780794195
1.0128156735108431
20.284370656669292
1.2784535627254958
1.7673517169616437
1
1
1.3357061731779154
1
15.661302156175303
6.7449605996719875
1.921798665167813
1
1
1.1092551649348692
21.56876291043609
1
1
1
2.303679011907437
6.805346078233305
1
290.02339231062496
2.8007738124513315
1
2.1435852642340185
2.305634669481531
2.24218547670686
1
1
1.912669432389617
1.0085236801217816
1.2561208181715142
1
1
1.7052458244827187
33.69113479600787
1
1
33.69113479600787
1
1.6525550941443312
2.030147642405358
1
1
1
1
1
1
2.415166693409701
1
1
1.208929035920748
1
1
2.1055344333002055
1.2411736464480896
1
1
86.36668347177651
1
1
1
2.9145358366749825
1
1
1.3112450307687458
1
1.4240786564971675
11.619899931226376
1.124969766139818
1.3156247074206762
1
1.60871968051027
1
1
1.616353501007581
1
10.539300054334088
2.2097608227335996
1
1.745962278654233
2.858555652141941
1.5238584341779322
1
1
5.4227017715700665
1.254354141009179
1
1
1
12.670388009567171
1.3166093951827886
5.127668321887378
1
1
1
1.7052458244827187
11.063945268357077
1.7712682578462215
1
1.0773044543200243
1
1.948374052434144
1
1.3561681173747677
971.3578084857159
4.318081867739684
1.390334083268583
1.3789832040125363
2.474984404574152
1
1059.0093643512678
2.892935573366008
1
1
1
1.738618892385018
25.323984074333836
35.202527638465796
2.472629451901245
2.0386310074368836
1
1
17.491243838930508
1.3281648752991924
1
1
1.6845552858456698
15.661302156175303
1
16.08201989944433
1
1
1
3.274379172763935
15.661302156175303
1.1343125556550329
1.1527488615950188
1.9143681958734828
1
3.904845488403878
1.4207277373113765
1
1
10.777005382372487
1.5327805667048238
1
1.1056626251130706
1
7.188021831222163
12.979413632394616
3.7915787969454238
1
1
7.8588715678013195
1.4844371615118361
1
1.9947573349753003
1.7304791230428003
2.109353067465415
1.254354141009179
1
1
87.11599837965132
1.254354141009179
1.918464277011145
1
1.1239645326624188
1.218999297929837
1
1.8902699505566862
1.660762426925924
1.1927709714521637
1
46.819099665154695
1
1.300644881714575
23.928160381195497
1.9186330724808278
1
2.003406956816917
1
1.3112450307687458
1
1.0128156735108431
1.9282590386951126
1.0128156735108431
1
1
1.4195737891008837
1.0004541562459937
1
2.965431756809279
1
1
1
1
1
1
14.67478739725315
1
1.3575226886531
1
1
1
1.3374988497760627
4.034599035570925
3.760985207892807
1.9171923113227571
1
1.6788725210927382
1
1.8510035152634123
1
1
1
1.2955497774795364
17.653110782105703
3.738391620408957
1
1
5.947186839167169
1.3103093061337343
1.254354141009179
2.996407247957928
1
1
1
