11.697288373539875
1
1
1
1
1
1
85.47292142522623
1
2.4112952279491844
6.46269069371925
19.82352661199888
1.254354141009179
1
1
1
1
1
2.8069878943271895
1
22.04726528746096
57.97180907604809
1
1.9682213987442871
1.2441584862616808
1.254354141009179
1
11.228065023458381
56.34924307957645
4.4095652294633565
1
1.8831896813087547
3.5472715363647653
2.632019485258083
1
6.653239857227588
1
1
1
1
38.16151954395171
7.468600680171051
12.40080518224201
1
1.254354141009179
1
4.9868762069925285
1.254354141009179
14.487327292408658
7.676779827713521
5.2066271867910805
1
1.1139957310296678
1.254354141009179
1.254354141009179
1
7.468600680171051
493.13435685136534
1
22.71148435577741
1.0147124706621817
1
1
2.399752592536033
1
1
1
8.06361246495304
2.5806299380078013
1
2.4455805582519203
1
4.371037345676231
1.439776536665717
1
1
1.0071150346187976
1
1.4357118131751774
1.0497182412788142
1
1
1
1
1
1.3125243261573682
1
1.3356688957800051
1
2.5268248761282774
2.05479569891621
1
10.084883626948162
1.300644881714575
1
1.2410420807788827
1
1
1
1.019553778481001
1.3387748996703228
1.6811829683867094
1
1
1.1872981908452687
14.643909473586472
2.1886504340942685
1
1
9.274427543593875
1.166763834343294
1
2.4954294048738217
2.4954294048738217
2.4954294048738217
2.4954294048738217
2.4954294048738217
2.4954294048738217
1
2.4954294048738217
2.4954294048738217
2.4954294048738217
2.4954294048738217
2.4954294048738217
2.4954294048738217
1
1
1.6241191559448849
3.2555342511371386
1
1
15.492430840982903
5.18886998356855
2.654015951132088
1
1
1
4.945171494314538
1
2.471620718818235
1.4138255670111677
5.087943265438467
2.49732111592044
1.4230806158678007
1
1.579692037671954
1
1
33.02464361479146
1.658880192446732
1
1
1.8676896173986317
118.56961868023943
3.4961514058097163
1
1
15.661302156175303
1.056938685288865
3.892554358222685
1
1
2.843702942721101
1.3163732734327167
1
2.0683049425729187
1.7937606099621115
1
4.922865932564576
1
1
1.0255260765205252
23.840762775407914
1
1
1
1
1
2.4425584395076294
1
1.254354141009179
37.40415518643384
20.085751046978654
1
1
1.3786185883502968
1
1
3.9344881917543177
1
31.310054210071726
1.60871968051027
1
1.254354141009179
2.443577082743177
1.2113952733156856
1
1
1.7452714739235813
1
1
1
1
1.5355607831813791
1
1
1.7396034242456924
1
1
1
1
25.047159169924086
1.4068968957113248
111.14464121316698
1
1465.355642958562
1
2.476392818697667
1
1.2541444458483018
1
1.5154838729996454
1
1.0467004003572626
1
1
1
1
4.098056093007833
1.3657236266155708
81.87311278434694
1
1
1
1.1348641454180297
1
3.068149415084362
1
1
1.3522034804048426
1.500037852306813
4.550828269017874
1
1
2.0114675476973924
1
1.2210247343759444
1
1
1
1
1.8018397608507746
2.997982030360595
9.169564961210748
1.254354141009179
1
2.1098341840216017
1
1
1.5355607831813791
1
301.14140267644297
1
1
2.671013112525832
344.4993463211824
1.967876744156298
1.5177316341832578
1
1
10.00019163224268
1
1
1.149655453683634
1.254354141009179
4.541104300686776
1.254649591379186
3.509518881574339
1
17.410413161737374
1.6503511723128017
1
1
2.030898551324731
7.669261727107339
1
1.0884569431647078
16.185930589473486
1
5.828160274847998
1.254354141009179
1.600182019825516
1.254354141009179
1
2.9543808683564676
1.2486800143861108
1.3635814957356935
1.5355607831813791
1.487002216556049
1
1.1580095665177907
1.3134848315457825
1
1
1
1.3121884110033475
1
1
1.254354141009179
1
1.812102390967134
2.388664243944752
2.7439193725698034
7.468600680171051
1.5355607831813791
3.2719673194377012
1.3111140836645234
11.387373214756135
1.254354141009179
1
17.491243838930508
1
10.58054326498524
1.2758492629625138
1
3.074145123994605
1
4.741200468425318
1
1.2483956739573157
17.070164443501444
1.0150814133223673
47.20738368022315
1
1
1
1
1.254354141009179
3.309858594944727
1
1.0186352852306577
1.2540860592232796
1
1
3.2984789783606367
42.68643995736758
1
2.5083920106065696
5.531082666051954
1.195281247037888
1
3.0277066756237963
1.2050894132358505
1
5.823432325851205
1
1
1
4.546856903927829
1.2516014690710264
1
1.1610152781884218
2.2419955329088017
3.317470226092241
1.254354141009179
1
1.0704230192844468
1
1
1.254354141009179
1
1
14.918670625476825
1
2.6219559693742887
5.170608148216256
1.1117932982283258
1
1.2481191634956477
1
1
1.8815584235709861
4.523180434043457
1
4.0176091896638955
1
2.0800685445041336
1
1
3.0996112078226976
1.0400347159277978
11.211027468948146
3.274736640369021
3.3377429040434055
1.8413415088031144
1
1
1
2.516210871273931
1
1.500037852306813
3.7448809023260567
1.7666566853396175
1.3004509405670046
1.254354141009179
1
1
2.1793366018552947
1
1
1.254354141009179
1
1
1
1
1.0044545431257468
1.4633684926826103
1
1.4633684926826103
1
1
1
1
1
1
1
1
2.507820271302484
1.0806041333743377
1.5355607831813791
1.6309361662544322
1
1
1
1
1
1
3.188422275875586
1
1
1.2486800143861108
1
1.2503606811356218
3.853578525083818
12.620260761741159
2.7512633811709155
1
1
1
3.4422066280299473
1
1.2537907415562881
1
6.42225171874218
17.92597377822925
1
5.054173986481642
2.624561830342829
1
1
1.393204008578807
2.3036527366539032
1
1
12.863310017919787
3.258111498995822
1
1.500037852306813
2.1090976889539266
63.42335468949679
1.0395562987953417
1
40.68743163477587
1
1
7.660691299440735
1
1
1
1
3.2799377097630322
1
4.244921340244285
21.167502486615355
13.979513385735245
1.0365107546172128
1.2656006691916581
1.198116425984561
1.2501948978590354
2.836995686119844
1
1
1
1
1
2.3545488796530103
1
1.254354141009179
1.254354141009179
1
2.166470473762087
1.254354141009179
1
2.0777794292413945
1
1
1
1
1.5928424375034917
1
1
1.4144443522045598
1.4960771325131854
1
1.1052726826390356
1
1
1.254354141009179
6.503939034942473
1.5427070224025916
1.2486800143861108
1.500037852306813
1
1.254354141009179
46.05300179434543
2.942517798732015
3.002465094455256
7.483425052037695
1.2761967099080247
1
3.1923598413294667
1
7.521062481264841
1.4558984046772303
1
1
8.414954470742819
1.117404768724863
1
1
1
6.998040967310944
1
1
1
1
1.102978337712529
1
1.4948317453446378
1
1
7.401488054046505
1
3.8046246109707096
1.7481688314693455
1
2.071620158923221
1
5.620172042704094
1
1
1
1.7954214636396442
1
1
1.300644881714575
1
19.697547678626798
4.0846986560178555
1
1
1
1
2.2172977711510193
1.3608619839732208
1
1
1
1
1.2631567602251192
1.8196207085231955
1
1
1
1
1
2.030527194355257
1.1808834969433697
1
1
2.05479569891621
1.2890888268040437
1
1.1257515801656102
1
1
48.658646206758924
3.8851905829891256
1.7448368044807334
1
1
1
1
2.398591551728035
1
3.761561955914535
1
1
1
1
1.464419993171061
6.40847190513285
2.0617497527637614
1
1.406450702329317
1
1
1
1
21.05290385250219
1
1.9342119246366434
1
1
1
1.0451458442608872
23.405062221959174
138.37310450714583
1
1
2.154933002749063
2.298756370731215
1
1.254354141009179
1
1
19.73290242447649
5.9435564197308075
1
1
3.4975024858650583
1
1
1
81.06633276905589
1
1.5744464876410411
1
1
1
3.1890405122321503
5.722384608528032
1
7.493351930383826
2.2972554189893604
16.800500330804123
1
1.0497182412788142
1
2.124047198261605
1
1.2151974593229202
65.41106745374697
2.7006810905333043
1
1
3.8080143104783053
1
3.993002771140775
25.131678606235333
1
1
1
1.2042621830818743
1.2004838152416033
1
5.367661197450913
1
1
1
1
25.446661598088184
1
3.089385520176862
1
1
1
3.12705354813944
16.741021277168226
2.5791261901326807
1.6954955579008288
1
1
1
8.730705255696842
1
1.2431702200757493
1.7539993760260932
13.388156143379314
1
1
3.798088778399614
1.4508952961425425
11.977009200835736
1
1
1
1
1
1
1.869458730630445
1
1
1.7699236099741864
1
1
1
1
2.020945980322537
2.9842652920529464
1
1
1.253884472122824
1
1
1.521808082803014
1
1
1
1.2266035848112815
1
1.954601642833169
1.0734885622533072
2.1254187968875398
1
1
1.3813230876743179
1
1
1
1
2.497377011928675
1
1
1
1
1
1
1
1.810955299721937
1.4554727614408964
1
3.9675974890817853
1
3.939325762157744
30.026954996062543
1.616326860940746
1
9.555623102777899
2.443880310219897
1
1
1
2.7901702620825413
2.676938076100155
1
1.239827384928692
3.2924296338152144
2.1465953537658216
67.14679532904564
1
1.4144517055658743
1
1
4.317948909829743
1
1
1
1
2.604644383768159
3.074080608431977
1.8741889928827502
1
1
14.576321533722615
1
2.240605311056342
6.944340223242239
1.2545616524955752
1.254354141009179
1.3779626915416368
5.374412312601754
52.9325467997908
2.2350213212195524
1
1
1
2.533514259485772
1
1.2552183503629077
1
1.4072280848547956
8.183556999577709
55.340540738460135
1
10.340311626023999
1
1.254354141009179
1.4717711784557872
1
1.2326890939446093
1
1
1
1.1854659892814048
1
1.5355607831813791
1.2627439607321416
1
5.04652887390406
1.60871968051027
3.286314461896113
1
1
1
1.1439981198039435
1
3.3929228493398704
1
3.401892791557674
3.1864804497962442
1
2.658067238697359
16.35646357239269
1
1
1.8671340441451878
1
1
11.825809349960178
1
2.281083557977527
2.281083557977527
1
1.9998753576384216
1
1
1
1
1.254354141009179
1
2.496234233655077
1
1
1.1100107276040492
1.254354141009179
23.930517292644556
1
1
1
1.6021694301929963
1
1
3.2489356243639294
4.390176808042635
1.2474731539002184
1.0103333642550567
8.176817233746771
4.197012078489499
1
8.542520054777878
13.732846198691673
1.6608731937085777
1.1992118050405653
1
4.644528505207343
1
1
1
1.944515819767918
1.254354141009179
1
63.76002131809768
1.386984198793286
1
1
1.5355607831813791
3.53992548451497
1
1
1.5355607831813791
1
1.875866255385302
4.6459290942275215
1
1.2486800143861108
1.944892765387563
8.361714692949967
1
1
1
1
1
1.7822407864331913
5.847582971793385
1
1
1.0494934637306967
1
1
1.0418363800017807
1
1
1
5.065029622856127
1
5.045939795582393
1
2.8667720712363733
1
1
1.2516014690710264
4.0171599031772205
1.254354141009179
1
1.9558182991820239
1.195650153779677
1
1.1823811685078323
4.861900742891757
1
6.078836729637058
2.604644383768159
1
1.2328905381599884
1.5499813647442122
1.254354141009179
11.750075837533151
11.453301552834183
7.694782200413089
4.0121220389571794
3.2970392290503874
1
1
1.9874604019979092
1
1
1.0680333285100096
1
1
1
1
1
2.223554670877146
1
1
1
1.2290362797446088
1
1
1
1
1
1
1.3271719527202537
1
4.706212374987991
1
1
1
1.005693574700207
1
3.7211309315846957
2.843702942721101
2.446991154239355
1
2.3762074003102014
1.6043844296435537
4.260191931670972
4.14835488820133
1.4867413423107125
4.543318990745396
1
1
1.3220180703928146
8.90665341770586
1
2.589921746187461
1
1.1347562255645485
1.6537238674038894
1
1.2695351694560857
1.8969425798327897
1
1
1
1.258427362566909
1
1
1.9093679285058716
1
2.7853673347373094
1.2552183503629077
3.4724460607974166
1
1
1
2.4891814587255774
3.5932373467173613
1
1.068960744022716
1.137027291530595
1.5409106017925196
1
1
1.0360468636310682
1
1
1.1614216732396379
1
1.9282590386951126
1.2101156839025256
1
4.8243437807906835
1
9.216545481616066
1.3571439832639822
47.35191272006588
1
1.7959657181358881
2.1858082465589566
1
1.254354141009179
1
1
1
1.0692273905433607
1
1.5355607831813791
1
1
789.0767953786551
1.9620558363457024
1.1568091963018134
1
2.8394918982764654
1
1
1
1
1
12.079789297735994
1
1
107.93795557472131
18.407558444531965
1
11.22429807335276
3.21882630410156
1
1.2723255611671918
1.823100977164107
2.785243214239851
1.254354141009179
2.372734825454948
1
1
3.570335424874529
15.761220987828304
1.4786796966577835
3.6466110072467264
8.39706602761834
1.3706277436649406
1
3.838438278087483
2.449390583125883
1
2.4479945700086065
1
1
1
1.3114229032621758
15.661302156175303
2.4945334628316593
1
1
1
1
1.254354141009179
1.828965023761739
1
1
1
1
1
1
7.5063772610726165
1
1
1.188685990082015
1.3772061744821367
1.0128156735108431
1
1.6890149014388662
1
130.37160768154462
1.254354141009179
1
1
6.9358588530443805
2.703374419388999
1
33.979709085021945
1
5.4356412138111825
1.089896976059342
4.783726943100111
1
1.60871968051027
1.6030051439450343
37.395163870677564
1
1
1
1
1
1
1.4554727614408964
1
6.439837578512366
1
3.7793016869071017
1.1136331019570127
1
1.4510654993196654
1
41.90178802872308
1
1.7438495401537921
1
1.002850049078959
1
1
1.5666952322399799
1
1
2.587459063194361
1
1
6.245035457820828
1
2.333636298112402
1
1
1
1
1
1
1.6728420428047615
1.8774410385646838
1
1.061279185126603
2.9472156443226494
1
2.979231762884331
1
19.82352661199888
2.871946845964336
26.677522790493157
1
1
1
1
3.2963833240751588
1
1
1.260367360826681
1
7.713656764343715
3.4543641940471583
1
1.254354141009179
1
1
1.3036717122522998
1
1.0549914740320305
1.3332115695521267
1.254354141009179
1.3352700342504504
2.4368777100255907
1
4.662320919718912
1
1
1.2554492591044766
1
1
2.256223290639706
1.2954636012878196
1.8772999028288653
1
1
1
1.3465819786587383
1.254354141009179
1.0890166751014385
2.1421714462957753
1
1
1
3.299685586531805
1
1
1.1169145612470077
1
1
1.7272508197424103
5.175078424019605
1
1
1.2726755854852265
2.57510922321175
1.0826360335167133
1.6576267136888057
2.0391502466921074
1.2545616524955752
1.6291158514714135
1
2.0772367733706725
1
1
1
2.4032852928804735
1
94.41436547959233
1.090803720624784
1
1
1.9512664514625024
4.233935790552767
2.1000807630674183
1
1.6030051439450343
1
1
1.2539981598378593
1
1.4164049714026974
1
1.9512664514625024
1
2.843702942721101
2.402918060750789
1
3.5646531925251006
7.96362870680461
1
1
1
1.254649591379186
1.249976931814159
1
3.6182313202446097
2.979231762884331
1
1
2.6228662083000454
3.3725782757276863
1
1
1.484485199588706
1
1.2038764985852526
3.235007148010189
1.3126012331331884
11.48036878211243
1
1
1
1
1.5603017944636934
2.335507273711697
1.6016551402213293
13.263958197521937
1.254354141009179
1
1.254354141009179
1
1
8.479694802361003
8.81525029447844
1
2.05479569891621
1
1.2809746689745638
1
1.2236662950550534
1.1056623292763779
1.0786769477704148
1
14.748945077404425
1.8453475361236613
1
8.904166965078876
1.3036717122522998
1
1
1
1
1.254354141009179
1
1.1298772702552196
1.5352067014566002
2.189699424507868
1.5355607831813791
12.274148838125011
1.1095929224106598
1
16.185930589473486
1.170071412101824
1
1
5.640092243534215
1.2673573159403768
11.261674511130636
1
1
2.7970652224104393
1.60871968051027
1.2516704610819156
1
1.2768001868054821
1
1
1
62.99072762392312
1
1
2.387018941353398
1.84614062881221
17.529877827492506
1
12.378902384786528
21.70263539577799
1
1
1
1
1
1
1.5192185128595403
1
1.2558105053243682
1
2.9884922219684786
9.815560144463527
1
3.756045400324765
1
1.254254632789294
1
1
1
1.062786399989983
1
1
1.9516934908943455
1
18.24563092676233
3.1889781152882875
142.8191734521768
1
1
21.32051107247169
11.098401667555859
1.385297377632675
1
3.2786049856751296
3.326535471837497
1.2486800143861108
1527.4991348059386
1.4279322054804247
1
1
32.88062282498543
1.3618696536581152
1
2.4420263074860173
1
1
3.433683304729609
1
1
1
1
3.797483680512636
1.0653857897708916
1
2.009386221017288
1.3096087949703061
1
1.124271959856664
1.6718607337964846
1
1
1.254354141009179
1
1
1.9427949493845522
1
1.187862446679274
1
1
1
1
1.2503606811356218
2.0420870112787517
1
5.391654495444473
1.60871968051027
2.3372674777635702
2.289355531313151
1
1
1.5561222555472876
1
1
1
1
1
1
1
1.459959360233025
1.2955024726290092
2.6548912026006146
2.927670906639288
1.4377232329889071
3.8028100639352895
2.604644383768159
1
1.254354141009179
1
1.8550696415836578
1
1.36161279166368
44.14179301487075
1
1
1.376892388553624
1
1
1
1
1
3.1005763046995742
2.5297287935311545
1.620059219724623
1
1
4.400708671231539
1
1.1021291278233232
3.955290874727486
19.001963644902567
1
1
1
2.0368477342601996
1
5.228815514536967
1
1
8.783147251264605
1
1
1.545992439639032
2.289246019451194
1.4786796966577835
1
1
1
3.507954681586619
1
1
1
2.1170725195687163
4.669430755975948
1
1
34.27601794584117
1
1
1
1.3520999742029145
1
26.834328089620666
1
1.7438495401537921
1
1
1
1.804290928391222
1
2.019381842204263
1
1
1.654022719321371
1
3.4341424497400643
1
40.98466538350985
1
1
1.5858062044358603
1.254354141009179
1
2.2611204213651854
6.104813305438435
1.6328007925446009
2.385807784223349
7.465475379129387
1
6.896573882640367
4.01247923852543
2.02634410113617
1
1.69927671322015
1
1.4358032050802365
1
1.0167450065633352
1.096739653083354
1
1
1
1.0637311529126556
1
1.0637311529126556
3.904360645372039
1.3171078655905348
1.3618696536581152
1
1
1
8.621823093960236
2.226974064840604
2.6560652212485336
17.254522292538965
1
1.1158980421272342
1.0365151390823466
5.73806246203967
1
1
1
1.1190233446163376
1
1
1.6323718820682886
1.500037852306813
3.1283398560797306
1.2545616524955752
1.1348641454180297
1
1
1
1.1156651702724014
1
1
10.889108232070814
1
1
1
1.254354141009179
1.3373248158927749
1
1
3.510075094398653
8.109253049122465
1.9048422926069584
1
1.238668319487
1
19.475805043925217
3.0809216978876455
2.3696146439012584
1
5.847582971793385
1.5355607831813791
1
1
1.5298581182464424
2.1330682856085974
1
2.132145999577347
1
3.7726815464562535
1
1
1
1
1
1.0571834897958539
4.22831378591568
1
4.945171494314538
1.254354141009179
1
2.7899473931245495
1.498253966688666
20.888621953491235
1
1
1
1
1
1.232705939091542
1.254354141009179
1
1.240799155569445
1
1
1
1
1
6.895252953442823
1
3.8813692741891574
311.8035922415146
1
1
1
6.367668130459589
1.0199169844441804
1
1
1
1
22.420790190716133
1
1
5.791338247001366
1.9620558363457024
1.0128156735108431
3.756045400324765
2.1793366018552947
1
1
1
1.875866255385302
1
1
1.254354141009179
1.498253966688666
3.9392241804644437
1.4003057546612596
22.595355849661562
1
1
1
1
1.8738944364719199
1
1
1
9.820181570498422
1
4.242236902396786
1.3103485201677794
1
1
1.5968841632847215
1.4270637823358887
12.353013134288181
1
1
1
3.5443462309946905
1
1
26.151779879116546
2.0795853811816376
1
1
1.8184592779312723
1
1
1
260.10519528310874
6.089722504456981
5.029928526179504
1
1
1
3.1741210991597812
1
1
1
2.2172977711510193
2.914010650271851
2.3816639549915974
1.7301764101028765
1.0598291147428933
1
2.438364652349249
1
1.254354141009179
1
1
1
1
1
1.404132688359266
2.5297287935311545
1
1
1
1.8414192713820656
1
1
1
1
1.439776536665717
1
1
1
1
1.3097837719103085
1
2.3064161671223604
1
1
1
1.2527183853044177
1
2.2425134162974256
1
1
3.222220024140558
1
1
4.69258249314114
1.028777748070277
1
1
1.254354141009179
1
2.426636130443157
1
1
1
1
2.2935975952524696
1.3722768277216475
13.957253746359536
1
1
1
1.3733274203241232
1
1
1.1879281317179908
1
1.60871968051027
1
2.907011681093013
1.7419532595828016
1.1759678462407186
1
1
2.5056486321120506
24.183246371109977
1.4843783357659055
64.7434217697248
1
1.0116000081374066
1
1.254354141009179
1
1
2.3981793007840206
2.475129357372503
1.6907928238655634
4.220273060674382
1
1
1
1
1
3.5159155060689007
9.874901033035117
1
6.27964605334347
1.5102393343996305
1.382835432356456
1
10.347036949196887
1
1
1.1975765207321358
4.760815685586082
2.248697319488459
1
1.6233250009331521
61.74318914772741
45.5183805376361
4.2375501256737635
1
2.049410431255324
40.43084013093793
1
1
1
1
1
1
447.5551793281844
1
9.849378336697361
1
1.8339969870335115
1
1
1.254354141009179
1
2.2497940795488245
1
1
4.919599442989769
1
1
1.8781514206683836
1
1.8610036433466244
1
1
3.0836124955791995
1
1
1
1.74166428953098
1.2949846902171132
1
2.843702942721101
1.412996361586933
1
1
1
1
1
1
1
1
1
1
1
1
1.6861155079882613
1
4.330122357860176
1
1
1
1
4.327852509579007
1
1.6036187316313566
2.327185081764323
1
3.009099611911634
1.0128156735108431
1.55583846034342
3.9386408619275097
1.500037852306813
1
1
1.4451529930788456
1
1
1
1
5.870579423447462
1.60871968051027
1
1
1.2072249932790744
1
331.91859538434653
1
1.091265543118498
1.5231901400323828
1
1.6211150053447858
1
1
1
1
2.9692260032941338
1
1
1
1
28.676055994057762
1.5164137411089873
2.0365424472596456
1
3.1005763046995742
1.254354141009179
1
1
1.60871968051027
1
1.5843429694331184
1
1
1.254354141009179
3.7685552344447855
1
1.2213941593723399
1.3962145840116804
1.2113492577071494
3.001348011072736
1
1.0779476064010705
1.7438495401537921
1
2.397719971002726
1.5017969268462203
15.216079501816834
1
1.374613624989124
1.7129986618914714
1
1
1.3005178633359267
1
2.1793366018552947
1
3.01076781654907
1.6221944475749932
1
1.1187591610471497
1.620059219724623
1.0128156735108431
1
2.007389820886065
1
11.63905412733262
10.61312103942243
1.3160694854285777
1
1
1.1537370148928339
1.6831817882832334
2.5824181209019708
1
1.6704208389462991
1
11.493393108891265
1.8738944364719199
1
1.5219194253008836
1
1
1
1
8.95514580133097
1
1.973158618060332
1
2.1533619789928586
1
1.7835867325689958
1
2.348352587464551
1
1
24.04613227323241
7.349490182877447
1
18.606772775743437
1.254354141009179
1
1
1
1
1
3.389653245502317
1
1
1
1
1
303.9311109147177
1
34.469301500334055
1
1
1.5355607831813791
1
1.5355607831813791
1.9641745602411527
1
1
1
1.8055409301117895
1
4.899249438263375
1
2.280869724781637
1
2.030038736925745
2.05479569891621
1.4821073929642978
1
8.622002736946758
1.5652040957304096
1
4.7176365261106765
1
3.0517581318402454
3.9387643849013805
1
1
1.1634995659073342
1
1
1
1.254354141009179
1
1.0375199356747018
1
2.0862873409526013
1.6428516034382386
1
1.176394596364453
1
1.6030051439450343
1.129116581071412
10.294625654536075
1
1
1
1.1299637725482818
1
1.5355607831813791
1
1
1.500037852306813
1.5355607831813791
1
1.0268691758048605
1
1
1
3.4739221991659943
9.073931977345536
4.413580189029783
2.3997052064551756
1
1.677696254449923
1.9917422772195472
1
1
2.4745808540209033
1
1
2.4745808540209033
2.2284039353182385
2.826760111507927
1
3.9164895356149083
1.4892350907349998
1
1.6600021999359342
1
1.0003825904171504
3.1004080125754387
1
1
3.926419991542374
1
1
1
1
2.2284039353182385
4.244921340244285
56.12760773294184
1.254354141009179
35.8971583490471
1
1
1
1
1.3833764223680616
1.2484610976704842
1
1
1
1
1
1
1.60871968051027
2.773173381211272
1
1.4584014347174454
1
1.4894959542016026
1.4084789048944506
1
1
2.3372674777635702
1.2355723536250227
1
1
13.55111579330253
1
5.635962744502935
4.544058566042621
1
13.157970971278822
3.358049893404892
7.2227679582890385
1
1
1.6908694383820477
2.124864049825283
1
53.02759519282265
2.773092271442719
2.3386757931133606
1
1
23.45912727685631
1
1
1
1
1
1
22.81593288689206
1
1
1
2.410999970296891
1.7851770916684686
3.3054988493472344
2.6890123714595644
1.1519186642690826
1.3615098880182879
1
60.09996876018395
1
1
3.6135125493954816
1.967309664836443
15.736897927132775
1
1
1
1
13.939286142941935
661.7041397460204
1
103.3804381465883
1.5028554937486345
1.2656006691916581
598.3133028609992
1
1
1
9.355843422652395
1
137.96020199706493
1.4377232329889071
1
13.19199855965048
1.2545616524955752
13.63830778386733
2.7114751418284464
1
1
20.182703255710386
1.2331994058194355
1
2.114196844609467
1.0416454230988124
1
1
3.41560939750745
1.1648690775143358
1.8694605224914778
1
2.694724689348976
1.254354141009179
13.450307439003776
1.1519186642690826
2.9927059478649154
1
1
1
1
1
23.45912727685631
1
1
1.643793829358464
5.1982126586708866
1
1.310350469006872
1
2.6089678549473208
4.617623779767707
3.7291543612039924
1
1
1
1.1615084764694872
2.1622738357391817
1.6291574846875077
1.3248715580389527
1.1195273594187554
8.06723159262619
1.69421895985117
1
1
1
7.441120403611476
1
1.1343125556550329
1
4.301752569321621
1
1
1
1
1
1.817054659700986
1
1
1.0517248647651707
2.8187435750335843
1.254354141009179
1
1
1.254354141009179
1
1
1
1
1
1.5778137429965557
1
1
1.7408969368774552
1
4.676222811008986
1.289633980832752
1.300644881714575
2.5891788404418925
1
1.5164137411089873
1
1
2.9929080769057554
1.254354141009179
1.2656006691916581
4.111056881447743
1.309317188838563
1.3571457899823802
1
1
1
1.4451529930788456
1.254354141009179
1.4881212733110636
1.5424263675513807
3.300992223227779
1
8.462965202110194
1
1
1
1.1640516444424214
8.162502264355403
1.840808123272041
1.8224188930472263
1.254354141009179
1.6645576209872563
1.766278441291853
5.9000436553605065
2.319751383597535
1
4.899249438263375
1.3353745277143334
1.254354141009179
1
1
1
16.759783028105034
2.9360272008015764
1.0360468636310682
1
1
2.170957874942359
1
1
1
1
1
1
1
1
13.55111579330253
1
1
1
4.261564774827513
1
1
36.43034482936018
1.3075432246199474
2.8285035307778794
1.1403807117025808
3.2102628364545485
1.3408618275557973
3.141457051643707
1.033656255211375
1
1
1
1.5355607831813791
5.549265511807359
1.2399368661305479
1.0128156735108431
1.1432393695224952
1
1
1
1
4.084103638566821
1
2.7987304834904094
1
1
1
1
1
1.2324221334059329
1.081655960525251
1
1.12168229275149
1
1.1554315024401245
1
1
1
1
1
1
1
1
1
1.615014682568968
1
5.847582971793385
2.3419895260444985
1.254354141009179
1.6030051439450343
1.7115926870427511
2.6564277958094777
1
3.3786530780605886
1
1.9137786846934548
1
1.1415151931496421
12.85518962461961
1.2080564651124452
7.824942202075437
6.174622980796211
1.0095154965143776
1.084415276305089
1
1
1
33.6938696988907
37.6872177857392
1
1.7867250392789082
1.2632991470122332
1
1.6371468325945264
1
1
1.254354141009179
30.392888768223248
1
5.847582971793385
1.104781879424195
1
52.65906017979166
1
1
1
2.472629451901245
2.228447175824302
1
1.500037852306813
1
54.63246620061235
1.7596150767112426
26.606842551306187
11.880678653983814
1
4.035409579294856
3.41831738897063
2.4488551413664577
1
6.258922679977486
1
1.2235674348540373
1.2545616524955752
1.0128156735108431
1
1
2.1170725195687163
1
4.387526152586742
2.2124319257301512
1
1.1287090073565564
3.1396218288889752
1
1
1
1
1
1.3956844291826185
2.0714719345138586
1
1
1
14.252895175514267
11.918861748128174
1.01316765885289
1
1
4.176008274158579
1
5.375731015184183
1.2969775574222642
1
2.069194588421034
1
1
1.4602891545453085
1
1
1
1.2476971390689433
1
5.703580774300877
3.6492212233795724
1
1
1
8.311198329188562
3.4556776697364957
1.2955005707698146
263.93939419984815
1.51298890035375
1.0727705820728453
1.4358032050802365
1
1
1
1.6836249822206675
1
1.262449469479379
1
1.0360468636310682
107.93795557472131
1.254354141009179
1.6629828320359072
1.828965023761739
1
1
1
1
1
1
1
1.254354141009179
1
1
1.16851824548373
1.565914904700029
1
1.7358498597018077
1
1
1
1
1
1
1.2907487597522824
2.9360272008015764
1
1
1.047794716375437
1.69927671322015
1
1.434810987757441
1.254354141009179
1.254354141009179
1
1.3300630485161862
1
15.661302156175303
15.493726274324485
1
1
1.254354141009179
3.0795205151044156
1
1
1
7.567167017664917
1
1.5508873934638145
1.540121287628621
1
1.2856433545075951
1.660350962696501
3.309858594944727
1
2.705825580144242
1
1.8530395414343408
1
1
1
1
1
2.6264173275359783
3.8200526139975493
5.21539599840754
1
1.254354141009179
2.697445897787862
2.4032852928804735
1
2.453246527529851
3.391596985169243
1
1
1
1.5355607831813791
1.4554727614408964
1
1.9993105751323823
1.6083750937558285
1
1.7325387168120079
1.6020420782039837
3.1581427359088394
1.6293721302289854
18.420603397001436
1
1
1.0338692505096376
13.001772826947583
1.3022724249702993
1
3.031782784328039
17.452468875869567
1
1
5.037094698577032
1.286740369966117
1.0416977273987087
1.0520690740413283
1
1.0682829972400452
1
1
1
3.833018080463042
2.217088119740406
1
4.4740935899695025
1
2.604644383768159
2.030898551324731
3.8182255289200966
1
1.165479343503298
1
1
1
1.8467881261566566
1
1.254354141009179
1
1.5381414295169482
1
1.352994850348292
1
1.254354141009179
11.951659501734177
2.9728968937232447
1
1
1
1038.7781285289655
1.0730246456168853
1.970564124006451
4.388533736785832
6.729308803661464
1.254354141009179
1.899726986418119
21.950325849824004
1.2890358083025633
1
1
1.0845775421381032
1
1
1.3050825400987704
1
1
1.7438495401537921
14.435632043056192
1
3.6827457903361385
1
1.424464817738113
14.435632043056192
14.435632043056192
1
2.1793366018552947
2.2871729351745946
1.6421590352031938
14.435632043056192
14.435632043056192
14.435632043056192
21.950325849824004
14.435632043056192
1.290511807169756
1.7438495401537921
1.4572237470528835
2.6346162103544457
5.419574255682903
1.254354141009179
1.498253966688666
1
1
1.254354141009179
14.435632043056192
11.014570864235274
1
1
4.62275714319139
14.435632043056192
14.435632043056192
61.20345687505442
2.05479569891621
1
1
1
14.435632043056192
1.0360468636310682
1
1.2890358083025633
1.828965023761739
14.435632043056192
14.435632043056192
3.756045400324765
14.435632043056192
1.5759695113853087
1.0316571564489811
1.4596416879191543
1
1
5.228815514536967
3.4341424497400643
1
